#########################################
Accuracy: [0.6434568166732788, 0.6988477110862732, 0.726913571357727, 0.7485185265541077, 0.7653086185455322, 0.7755966782569885, 0.7872427701950073, 0.7993004322052002, 0.8018106818199158, 0.8096296191215515, 0.8144032955169678, 0.819835364818573]
Loss: [0.2203625589609146, 0.19707925617694855, 0.18190351128578186, 0.17044924199581146, 0.1621328890323639, 0.15526066720485687, 0.148834228515625, 0.1434197723865509, 0.13997136056423187, 0.13537748157978058, 0.13229429721832275, 0.12902966141700745]
Val_accuracy: [0.6740740537643433, 0.712592601776123, 0.7237036824226379, 0.7270370125770569, 0.734074056148529, 0.7407407164573669, 0.7403703927993774, 0.7325925827026367, 0.7322221994400024, 0.7411110997200012, 0.7337037324905396, 0.7392592430114746]
val_loss: [0.20653003454208374, 0.19195722043514252, 0.18844977021217346, 0.18320271372795105, 0.1783434897661209, 0.17410136759281158, 0.17781876027584076, 0.1811479777097702, 0.18166573345661163, 0.18099552392959595, 0.17912285029888153, 0.18410347402095795]

Epochs: 12
bsize: 9
lstm1: 13
rdrop: 0.2
dp1: 0.1
dense1: 48
##################################################################################
Accuracy: [0.646172821521759, 0.7037860155105591, 0.7332921624183655, 0.7550205588340759, 0.7729218006134033, 0.7822222113609314, 0.7948971390724182, 0.8067077994346619, 0.8104526996612549, 0.8174485564231873, 0.8251028656959534, 0.8284361958503723]
Loss: [0.2183210700750351, 0.19414858520030975, 0.1783447414636612, 0.16646361351013184, 0.15629324316978455, 0.14961867034435272, 0.14290834963321686, 0.13677826523780823, 0.13346953690052032, 0.12928076088428497, 0.12482566386461258, 0.12273625284433365]
Val_accuracy: [0.6881481409072876, 0.7070370316505432, 0.7274073958396912, 0.7351852059364319, 0.732962965965271, 0.7418518662452698, 0.7351852059364319, 0.7259259223937988, 0.7407407164573669, 0.7411110997200012, 0.7318518757820129, 0.7440740466117859]
val_loss: [0.2039005011320114, 0.19177907705307007, 0.18258963525295258, 0.18132707476615906, 0.1813206821680069, 0.17914168536663055, 0.1790536791086197, 0.1827685832977295, 0.18370108306407928, 0.18299169838428497, 0.18773971498012543, 0.17984327673912048]

Epochs: 12
bsize: 14
lstm1: 15
rdrop: 0.1
dp1: 0.1
dense1: 128
##################################################################################
Accuracy: [0.6328395009040833, 0.6768724322319031, 0.7024691104888916, 0.7147325277328491, 0.7342386841773987, 0.740123450756073, 0.7476131916046143, 0.7550617456436157, 0.7582716345787048, 0.7651028633117676, 0.7697119116783142, 0.7683950662612915]
Loss: [0.2242772877216339, 0.20584768056869507, 0.19403471052646637, 0.18723291158676147, 0.17877374589443207, 0.17428900301456451, 0.16958482563495636, 0.16597433388233185, 0.1637718677520752, 0.16043618321418762, 0.15831734240055084, 0.15763196349143982]
Val_accuracy: [0.665925920009613, 0.6959259510040283, 0.6918518543243408, 0.7155555486679077, 0.7192592620849609, 0.715925931930542, 0.7237036824226379, 0.7344444394111633, 0.7277777791023254, 0.7251851558685303, 0.7318518757820129, 0.732962965965271]
val_loss: [0.2103295922279358, 0.20028084516525269, 0.19946327805519104, 0.18684643507003784, 0.18462443351745605, 0.1850254237651825, 0.18464544415473938, 0.1798863410949707, 0.18162967264652252, 0.18222983181476593, 0.18017616868019104, 0.17988695204257965]

Epochs: 12
bsize: 7
lstm1: 15
rdrop: 0.3
dp1: 0.3
dense1: 16
##################################################################################
Accuracy: [0.6404526829719543, 0.7006173133850098, 0.7254732251167297, 0.7459259033203125, 0.7586831450462341, 0.7681893110275269, 0.7810288071632385, 0.7841563820838928, 0.7937859892845154, 0.8007407188415527, 0.802798330783844, 0.8080247044563293, 0.8122222423553467, 0.8138682842254639]
Loss: [0.2198411375284195, 0.19617050886154175, 0.18213346600532532, 0.1716737151145935, 0.16362395882606506, 0.15748882293701172, 0.15153689682483673, 0.148861825466156, 0.14404334127902985, 0.1408420205116272, 0.13798534870147705, 0.13580821454524994, 0.13280734419822693, 0.1315186470746994]
Val_accuracy: [0.6803703904151917, 0.7225925922393799, 0.7096296548843384, 0.7337037324905396, 0.7403703927993774, 0.737407386302948, 0.7262963056564331, 0.7337037324905396, 0.7325925827026367, 0.7448148131370544, 0.7396296262741089, 0.7407407164573669, 0.746666669845581, 0.7300000190734863]
val_loss: [0.20524181425571442, 0.18904659152030945, 0.19283930957317352, 0.17652839422225952, 0.1755705028772354, 0.17253424227237701, 0.1779737025499344, 0.1754373013973236, 0.1773945689201355, 0.17573535442352295, 0.17354707419872284, 0.17653125524520874, 0.17581583559513092, 0.18521748483181]

Epochs: 14
bsize: 8
lstm1: 17
rdrop: 0.3
dp1: 0.2
dense1: 80
##################################################################################
Accuracy: [0.6415637731552124, 0.6991769671440125, 0.7268312573432922, 0.750041127204895, 0.7652674913406372, 0.7770782113075256, 0.7851851582527161, 0.7921810746192932, 0.802757203578949, 0.8119341731071472, 0.8178600668907166, 0.8178600668907166]
Loss: [0.22030259668827057, 0.19577063620090485, 0.18107722699642181, 0.16998712718486786, 0.1611901968717575, 0.1540953665971756, 0.14810481667518616, 0.1441059559583664, 0.1392195075750351, 0.13417573273181915, 0.13039302825927734, 0.12903377413749695]
Val_accuracy: [0.6796296238899231, 0.7011111378669739, 0.712592601776123, 0.7222222089767456, 0.7248148322105408, 0.7251851558685303, 0.7214815020561218, 0.7266666889190674, 0.7240740656852722, 0.7377777695655823, 0.7355555295944214, 0.7225925922393799]
val_loss: [0.20303688943386078, 0.19646380841732025, 0.1888708472251892, 0.18738099932670593, 0.18384656310081482, 0.1815996766090393, 0.1838606297969818, 0.18080410361289978, 0.18318098783493042, 0.18257644772529602, 0.18892639875411987, 0.18639804422855377]

Epochs: 12
bsize: 8
lstm1: 13
rdrop: 0.1
dp1: 0.1
dense1: 16
##################################################################################
Accuracy: [0.6317284107208252, 0.6794238686561584, 0.707119345664978, 0.7226337194442749, 0.7351028919219971, 0.7485596537590027, 0.756049394607544]
Loss: [0.22332262992858887, 0.20509693026542664, 0.1921089142560959, 0.18359172344207764, 0.17623355984687805, 0.16956771910190582, 0.16504597663879395]
Val_accuracy: [0.6718518733978271, 0.6929629445075989, 0.7077777981758118, 0.7244444489479065, 0.729629635810852, 0.7292592525482178, 0.7318518757820129]
val_loss: [0.20809262990951538, 0.19774866104125977, 0.1908850073814392, 0.18443743884563446, 0.1804107129573822, 0.18069994449615479, 0.1788274496793747]

Epochs: 7
bsize: 10
lstm1: 15
rdrop: 0.1
dp1: 0.3
dense1: 80
##################################################################################
Accuracy: [0.6516872644424438, 0.7169135808944702, 0.7505349516868591, 0.7736625671386719, 0.7921810746192932, 0.8042386770248413]
Loss: [0.2167973518371582, 0.18660962581634521, 0.1685304194688797, 0.15569326281547546, 0.1451231688261032, 0.1373746544122696]
Val_accuracy: [0.6874074339866638, 0.7103703618049622, 0.7244444489479065, 0.7259259223937988, 0.7414814829826355, 0.7370370626449585]
val_loss: [0.20037637650966644, 0.18790282309055328, 0.181136816740036, 0.18045112490653992, 0.17769396305084229, 0.18146337568759918]

Epochs: 6
bsize: 5
lstm1: 20
rdrop: 0.3
dp1: 0.1
dense1: 128
##################################################################################
Accuracy: [0.6379835605621338, 0.6858847737312317, 0.714238703250885, 0.7297942638397217, 0.7419753074645996, 0.7548559904098511, 0.7592592835426331, 0.7683127522468567, 0.7743621468544006, 0.7760082483291626, 0.779629647731781]
Loss: [0.22191303968429565, 0.201795756816864, 0.188741996884346, 0.17918837070465088, 0.1717487871646881, 0.16631805896759033, 0.16228939592838287, 0.15826833248138428, 0.15521812438964844, 0.15381740033626556, 0.15160328149795532]
Val_accuracy: [0.6670370101928711, 0.7070370316505432, 0.7255555391311646, 0.7251851558685303, 0.7303703427314758, 0.7388888597488403, 0.7407407164573669, 0.745555579662323, 0.7451851963996887, 0.7359259128570557, 0.7481481432914734]
val_loss: [0.20792041718959808, 0.19236968457698822, 0.1866084784269333, 0.17960022389888763, 0.17641808092594147, 0.1759302020072937, 0.1743546575307846, 0.1736241579055786, 0.1737014353275299, 0.17518192529678345, 0.1715977042913437]

Epochs: 11
bsize: 6
lstm1: 17
rdrop: 0.2
dp1: 0.3
dense1: 48
##################################################################################
Accuracy: [0.6561316847801208, 0.7171193361282349, 0.7488065958023071, 0.7737036943435669, 0.7881481647491455, 0.8036625385284424, 0.813703715801239, 0.8223456740379333, 0.8310699462890625, 0.8356378674507141, 0.8415637612342834]
Loss: [0.2150857150554657, 0.1866152286529541, 0.1683734506368637, 0.15522977709770203, 0.14578194916248322, 0.1379256397485733, 0.1318405270576477, 0.1256776750087738, 0.1208798736333847, 0.1177210658788681, 0.11383070796728134]
Val_accuracy: [0.6977777481079102, 0.7192592620849609, 0.737407386302948, 0.7251851558685303, 0.7288888692855835, 0.7488889098167419, 0.7396296262741089, 0.7355555295944214, 0.7385185360908508, 0.7425925731658936, 0.7440740466117859]
val_loss: [0.19766907393932343, 0.18700559437274933, 0.18119268119335175, 0.18481875956058502, 0.18278102576732635, 0.1749800145626068, 0.18284694850444794, 0.18070632219314575, 0.1811920404434204, 0.18169236183166504, 0.1859721839427948]

Epochs: 11
bsize: 5
lstm1: 18
rdrop: 0.2
dp1: 0.1
dense1: 96
##################################################################################
Accuracy: [0.6364197731018066, 0.6840329170227051, 0.709876537322998, 0.7303292155265808, 0.7394649982452393, 0.7536625266075134, 0.7593004107475281, 0.7668724060058594, 0.7754321098327637, 0.7738683223724365, 0.7824691534042358, 0.7855144143104553, 0.791193425655365, 0.7926337718963623, 0.7954732775688171]
Loss: [0.2230592668056488, 0.20305632054805756, 0.18948142230510712, 0.17941278219223022, 0.1734994649887085, 0.16711655259132385, 0.16248056292533875, 0.15944601595401764, 0.15505695343017578, 0.1543460190296173, 0.14948053658008575, 0.1475229114294052, 0.14535735547542572, 0.1435464322566986, 0.14250557124614716]
Val_accuracy: [0.678518533706665, 0.6933333277702332, 0.7003703713417053, 0.7325925827026367, 0.7381481528282166, 0.7359259128570557, 0.7407407164573669, 0.7433333396911621, 0.7366666793823242, 0.7355555295944214, 0.7518518567085266, 0.7507407665252686, 0.746666669845581, 0.746666669845581, 0.745555579662323]
val_loss: [0.20676752924919128, 0.19854995608329773, 0.19214282929897308, 0.18035238981246948, 0.17825451493263245, 0.17816060781478882, 0.17674791812896729, 0.1739516258239746, 0.17526838183403015, 0.17728273570537567, 0.1733229160308838, 0.1710801124572754, 0.17483395338058472, 0.17309652268886566, 0.17358997464179993]

Epochs: 15
bsize: 14
lstm1: 19
rdrop: 0.2
dp1: 0.3
dense1: 96
##################################################################################
Accuracy: [0.6457613110542297, 0.7011111378669739, 0.7294238805770874, 0.7502057552337646, 0.763251006603241]
Loss: [0.2183663696050644, 0.1946825534105301, 0.18076077103614807, 0.16945131123065948, 0.16172195971012115]
Val_accuracy: [0.6788889169692993, 0.7088888883590698, 0.7188888788223267, 0.7200000286102295, 0.7348148226737976]
val_loss: [0.2040545642375946, 0.19191481173038483, 0.18611222505569458, 0.18483394384384155, 0.18143413960933685]

Epochs: 5
bsize: 8
lstm1: 12
rdrop: 0.3
dp1: 0.1
dense1: 128
##################################################################################
Accuracy: [0.6413580179214478, 0.694526731967926, 0.7243621349334717, 0.7471193671226501, 0.760493814945221, 0.7690946459770203, 0.78028804063797, 0.7881892919540405, 0.7945267558097839, 0.7993415594100952, 0.805514395236969, 0.8100000023841858, 0.813703715801239, 0.8175308704376221]
Loss: [0.2203218638896942, 0.1981707513332367, 0.18336427211761475, 0.17147818207740784, 0.16480278968811035, 0.15771648287773132, 0.1531570702791214, 0.1476900577545166, 0.1447654813528061, 0.14019297063350677, 0.13711297512054443, 0.1349625587463379, 0.13258174061775208, 0.13000617921352386]
Val_accuracy: [0.6800000071525574, 0.7066666483879089, 0.7103703618049622, 0.7240740656852722, 0.7225925922393799, 0.7311111092567444, 0.7325925827026367, 0.7344444394111633, 0.7333333492279053, 0.732962965965271, 0.732962965965271, 0.7348148226737976, 0.7381481528282166, 0.7366666793823242]
val_loss: [0.20427890121936798, 0.1950170397758484, 0.18566302955150604, 0.18201014399528503, 0.1811617612838745, 0.17784447968006134, 0.17903068661689758, 0.17974655330181122, 0.18199852108955383, 0.18308651447296143, 0.18053840100765228, 0.18202707171440125, 0.17960698902606964, 0.18525075912475586]

Epochs: 14
bsize: 10
lstm1: 11
rdrop: 0.1
dp1: 0.1
dense1: 80
##################################################################################
Accuracy: [0.636214017868042, 0.6886008381843567, 0.7125514149665833, 0.7301645874977112, 0.7444033026695251]
Loss: [0.2229856252670288, 0.201463520526886, 0.18879874050617218, 0.17895382642745972, 0.1721995323896408]
Val_accuracy: [0.6744444370269775, 0.6970370411872864, 0.7099999785423279, 0.728518545627594, 0.7292592525482178]
val_loss: [0.2066018134355545, 0.19693522155284882, 0.19001887738704681, 0.1847068965435028, 0.18411044776439667]

Epochs: 5
bsize: 10
lstm1: 13
rdrop: 0.3
dp1: 0.2
dense1: 64
##################################################################################
Accuracy: [0.6420164704322815, 0.6988065838813782, 0.7299177050590515, 0.7495473027229309, 0.7648971080780029, 0.7755144238471985, 0.7871193289756775]
Loss: [0.2205066829919815, 0.19538487493991852, 0.1794658899307251, 0.16915689408779144, 0.16009657084941864, 0.15426132082939148, 0.14781975746154785]
Val_accuracy: [0.6825925707817078, 0.7085185050964355, 0.7214815020561218, 0.7262963056564331, 0.732962965965271, 0.7425925731658936, 0.7459259033203125]
val_loss: [0.20230980217456818, 0.19593578577041626, 0.18482381105422974, 0.1835080087184906, 0.1779673993587494, 0.1744913011789322, 0.17317038774490356]

Epochs: 7
bsize: 8
lstm1: 18
rdrop: 0.2
dp1: 0.2
dense1: 128
##################################################################################
Accuracy: [0.6309465169906616, 0.6806995868682861, 0.709423840045929, 0.7268312573432922, 0.7398765683174133, 0.749382734298706, 0.7558847665786743, 0.7657201886177063, 0.770370364189148, 0.7749794125556946, 0.7800822854042053, 0.7816049456596375, 0.792304515838623, 0.7869135737419128]
Loss: [0.2238425314426422, 0.20401398837566376, 0.1912626326084137, 0.18171921372413635, 0.17464345693588257, 0.16849441826343536, 0.16425639390945435, 0.16010525822639465, 0.15638908743858337, 0.1541426032781601, 0.15079759061336517, 0.15005150437355042, 0.1460588425397873, 0.14604172110557556]
Val_accuracy: [0.6681481599807739, 0.7003703713417053, 0.7137036919593811, 0.7244444489479065, 0.7211111187934875, 0.7307407259941101, 0.7337037324905396, 0.7359259128570557, 0.7370370626449585, 0.7348148226737976, 0.7355555295944214, 0.7300000190734863, 0.7418518662452698, 0.7396296262741089]
val_loss: [0.20900645852088928, 0.1959790289402008, 0.18999141454696655, 0.18560431897640228, 0.18175196647644043, 0.18168386816978455, 0.1789378970861435, 0.1793712079524994, 0.17539456486701965, 0.17739234864711761, 0.17837199568748474, 0.17865745723247528, 0.1757216900587082, 0.1760568469762802]

Epochs: 14
bsize: 10
lstm1: 17
rdrop: 0.1
dp1: 0.3
dense1: 96
##################################################################################
Accuracy: [0.635144054889679, 0.6825103163719177, 0.7094650268554688, 0.7259259223937988, 0.736748993396759, 0.748971164226532, 0.754362165927887, 0.7614403367042542, 0.7645679116249084, 0.7677366137504578]
Loss: [0.2233954668045044, 0.20269963145256042, 0.19034720957279205, 0.18174313008785248, 0.17658066749572754, 0.17070606350898743, 0.16622282564640045, 0.1620379090309143, 0.16030976176261902, 0.15810219943523407]
Val_accuracy: [0.6718518733978271, 0.70333331823349, 0.7174074053764343, 0.7225925922393799, 0.7318518757820129, 0.7207407355308533, 0.7281481623649597, 0.7233333587646484, 0.7314814925193787, 0.7377777695655823]
val_loss: [0.20641179382801056, 0.19513604044914246, 0.19051861763000488, 0.18615694344043732, 0.18397922813892365, 0.18425317108631134, 0.18405663967132568, 0.18415553867816925, 0.18143728375434875, 0.17851820588111877]

Epochs: 10
bsize: 13
lstm1: 10
rdrop: 0.1
dp1: 0.2
dense1: 128
##################################################################################
Accuracy: [0.6304526925086975, 0.6832922101020813, 0.7050617337226868, 0.7214815020561218, 0.737366259098053, 0.7435802221298218, 0.7525925636291504, 0.7567078471183777]
Loss: [0.22425925731658936, 0.20497117936611176, 0.19372349977493286, 0.1846780776977539, 0.17713233828544617, 0.17297473549842834, 0.16781412065029144, 0.16481399536132812]
Val_accuracy: [0.6681481599807739, 0.681851863861084, 0.7044444680213928, 0.7059259414672852, 0.7137036919593811, 0.7218518257141113, 0.729629635810852, 0.7307407259941101]
val_loss: [0.2089153528213501, 0.2036818265914917, 0.1954900175333023, 0.19585378468036652, 0.18841679394245148, 0.18438591063022614, 0.1822623312473297, 0.18060877919197083]

Epochs: 8
bsize: 15
lstm1: 12
rdrop: 0.3
dp1: 0.2
dense1: 32
##################################################################################
Accuracy: [0.6402469277381897, 0.7015637755393982, 0.7297530770301819, 0.7488477230072021, 0.7612345814704895, 0.7734568119049072, 0.7799999713897705]
Loss: [0.22037507593631744, 0.19445179402828217, 0.18062861263751984, 0.16977918148040771, 0.16267454624176025, 0.15632767975330353, 0.1526385098695755]
Val_accuracy: [0.6899999976158142, 0.7062963247299194, 0.7218518257141113, 0.7255555391311646, 0.7325925827026367, 0.7251851558685303, 0.7251851558685303]
val_loss: [0.20241522789001465, 0.19250036776065826, 0.18492655456066132, 0.18465293943881989, 0.1828966736793518, 0.18144802749156952, 0.1852525770664215]

Epochs: 7
bsize: 6
lstm1: 10
rdrop: 0.2
dp1: 0.1
dense1: 128
##################################################################################
Accuracy: [0.6285596489906311, 0.674773633480072, 0.6957613229751587, 0.7166255116462708, 0.7283127307891846, 0.7399176955223083, 0.7446501851081848, 0.7525514364242554, 0.7525514364242554]
Loss: [0.2252865582704544, 0.20684142410755157, 0.1964724361896515, 0.1860947608947754, 0.180826798081398, 0.17450982332229614, 0.1722801923751831, 0.16831021010875702, 0.1660946011543274]
Val_accuracy: [0.6696296334266663, 0.6933333277702332, 0.7092592716217041, 0.7022222280502319, 0.7255555391311646, 0.7233333587646484, 0.7314814925193787, 0.7166666388511658, 0.7248148322105408]
val_loss: [0.2104395627975464, 0.20058433711528778, 0.1906491369009018, 0.1878419816493988, 0.1846451610326767, 0.18340153992176056, 0.1811552494764328, 0.1811489313840866, 0.18716493248939514]

Epochs: 9
bsize: 7
lstm1: 12
rdrop: 0.1
dp1: 0.3
dense1: 16
##################################################################################
Accuracy: [0.6514815092086792, 0.7110288143157959, 0.7410287857055664, 0.7628394961357117, 0.7774485349655151, 0.7904526591300964, 0.8005349636077881, 0.8088477253913879, 0.8171604871749878, 0.8195472955703735, 0.8248559832572937, 0.8321399092674255]
Loss: [0.216499924659729, 0.18960833549499512, 0.17333576083183289, 0.16179661452770233, 0.15397123992443085, 0.14610937237739563, 0.13989432156085968, 0.13482047617435455, 0.13064470887184143, 0.1273658275604248, 0.12427080422639847, 0.12162022292613983]
Val_accuracy: [0.6855555772781372, 0.7118518352508545, 0.7362962961196899, 0.7359259128570557, 0.7451851963996887, 0.7429629564285278, 0.7511110901832581, 0.7355555295944214, 0.7414814829826355, 0.7555555701255798, 0.7411110997200012, 0.7385185360908508]
val_loss: [0.1990615278482437, 0.18774156272411346, 0.17912855744361877, 0.17701296508312225, 0.1769367754459381, 0.180912584066391, 0.17497429251670837, 0.18086256086826324, 0.1810193657875061, 0.17503538727760315, 0.18374130129814148, 0.18581070005893707]

Epochs: 12
bsize: 5
lstm1: 14
rdrop: 0.1
dp1: 0.1
dense1: 64
##################################################################################
Accuracy: [0.6380658149719238, 0.6895884871482849, 0.7191358208656311, 0.7354320883750916, 0.7453086376190186, 0.7613168954849243, 0.7713168859481812, 0.7761316895484924, 0.784691333770752]
Loss: [0.22160126268863678, 0.20064771175384521, 0.1869533509016037, 0.17774279415607452, 0.17049744725227356, 0.16403856873512268, 0.1597573161125183, 0.15531420707702637, 0.15121954679489136]
Val_accuracy: [0.6666666865348816, 0.6974074244499207, 0.7148148417472839, 0.7111111283302307, 0.7266666889190674, 0.7281481623649597, 0.7277777791023254, 0.7344444394111633, 0.7318518757820129]
val_loss: [0.2073238044977188, 0.19748160243034363, 0.19077198207378387, 0.18847882747650146, 0.1847025454044342, 0.18452587723731995, 0.1824072301387787, 0.18137258291244507, 0.18174748122692108]

Epochs: 9
bsize: 15
lstm1: 10
rdrop: 0.3
dp1: 0.1
dense1: 64
##################################################################################
Accuracy: [0.6363785862922668, 0.6886008381843567, 0.718724250793457, 0.7375720143318176, 0.7509053349494934, 0.7585596442222595, 0.7682716250419617, 0.7793415784835815, 0.7838683128356934]
Loss: [0.22212634980678558, 0.20076772570610046, 0.1868608146905899, 0.17645232379436493, 0.17001113295555115, 0.16383281350135803, 0.159083753824234, 0.1541551798582077, 0.1504640430212021]
Val_accuracy: [0.6707407236099243, 0.6933333277702332, 0.7055555582046509, 0.7188888788223267, 0.7181481719017029, 0.7177777886390686, 0.7181481719017029, 0.7259259223937988, 0.7311111092567444]
val_loss: [0.20910093188285828, 0.19929933547973633, 0.191361665725708, 0.19032248854637146, 0.18707071244716644, 0.1889716535806656, 0.18420304358005524, 0.18512499332427979, 0.18418042361736298]

Epochs: 9
bsize: 11
lstm1: 10
rdrop: 0.2
dp1: 0.1
dense1: 96
##################################################################################
Accuracy: [0.6378600597381592, 0.6882304549217224, 0.7144032716751099, 0.7341975569725037, 0.7502469420433044]
Loss: [0.22277256846427917, 0.20000076293945312, 0.1874544471502304, 0.17693696916103363, 0.16866035759449005]
Val_accuracy: [0.6744444370269775, 0.7025926113128662, 0.7103703618049622, 0.7248148322105408, 0.7251851558685303]
val_loss: [0.208701491355896, 0.1961992084980011, 0.18935811519622803, 0.1854821890592575, 0.18213973939418793]

Epochs: 5
bsize: 13
lstm1: 10
rdrop: 0.2
dp1: 0.1
dense1: 128
##################################################################################
Accuracy: [0.6354321241378784, 0.6851028800010681, 0.7121810913085938, 0.7267078161239624, 0.7389711737632751, 0.7486419677734375, 0.7587242722511292, 0.7646090388298035, 0.7719752788543701, 0.7778189182281494, 0.7844855785369873]
Loss: [0.2234937846660614, 0.2025929093360901, 0.19019778072834015, 0.18060362339019775, 0.17356093227863312, 0.1680607944726944, 0.1643758863210678, 0.15960310399532318, 0.15651550889015198, 0.15267010033130646, 0.14953160285949707]
Val_accuracy: [0.6670370101928711, 0.6970370411872864, 0.7144444584846497, 0.7188888788223267, 0.7266666889190674, 0.734074056148529, 0.7322221994400024, 0.7407407164573669, 0.7362962961196899, 0.7451851963996887, 0.745555579662323]
val_loss: [0.20963722467422485, 0.19762948155403137, 0.18600746989250183, 0.18435485661029816, 0.17896588146686554, 0.17523887753486633, 0.17775088548660278, 0.17455744743347168, 0.17751561105251312, 0.17239287495613098, 0.17366176843643188]

Epochs: 11
bsize: 9
lstm1: 19
rdrop: 0.3
dp1: 0.3
dense1: 80
##################################################################################
Accuracy: [0.6500822901725769, 0.7106996178627014, 0.7460905313491821, 0.7634156346321106, 0.7790535092353821, 0.7906584143638611, 0.8035802245140076]
Loss: [0.21762442588806152, 0.18992012739181519, 0.1731981486082077, 0.161375492811203, 0.15253739058971405, 0.14483770728111267, 0.13858094811439514]
Val_accuracy: [0.6877777576446533, 0.7040740847587585, 0.7262963056564331, 0.7459259033203125, 0.7418518662452698, 0.7388888597488403, 0.7414814829826355]
val_loss: [0.20011767745018005, 0.18852125108242035, 0.18109466135501862, 0.17541232705116272, 0.17330023646354675, 0.17549340426921844, 0.17330433428287506]

Epochs: 7
bsize: 6
lstm1: 14
rdrop: 0.1
dp1: 0.1
dense1: 128
##################################################################################
Accuracy: [0.6432510018348694, 0.7065020799636841, 0.7352674603462219, 0.7557613253593445, 0.7665843367576599, 0.7807407379150391, 0.7888477444648743, 0.7934979200363159, 0.8004938364028931, 0.8062551617622375, 0.8114814758300781, 0.8163374662399292]
Loss: [0.21839876472949982, 0.19235606491565704, 0.17754513025283813, 0.16630904376506805, 0.15954335033893585, 0.15264885127544403, 0.14740391075611115, 0.14290352165699005, 0.1395435333251953, 0.13591143488883972, 0.13244672119617462, 0.13025592267513275]
Val_accuracy: [0.6792592406272888, 0.7003703713417053, 0.7129629850387573, 0.728518545627594, 0.7229629755020142, 0.7196296453475952, 0.7318518757820129, 0.7214815020561218, 0.7277777791023254, 0.728518545627594, 0.7244444489479065, 0.7222222089767456]
val_loss: [0.20144084095954895, 0.19433148205280304, 0.1910555064678192, 0.186410591006279, 0.18584898114204407, 0.18764404952526093, 0.18656863272190094, 0.18797653913497925, 0.18763092160224915, 0.19172275066375732, 0.19137568771839142, 0.19278386235237122]

Epochs: 12
bsize: 5
lstm1: 12
rdrop: 0.1
dp1: 0.1
dense1: 16
##################################################################################
Accuracy: [0.6216872334480286, 0.6643210053443909, 0.6904115080833435, 0.7074897289276123, 0.7205349802970886, 0.7309876680374146, 0.734032928943634, 0.7420987486839294, 0.7485185265541077, 0.7530041337013245, 0.7558847665786743, 0.7605761289596558, 0.7600823044776917, 0.7660082578659058]
Loss: [0.22777004539966583, 0.21068593859672546, 0.19915075600147247, 0.19126273691654205, 0.18492385745048523, 0.1798369437456131, 0.17547158896923065, 0.1738228052854538, 0.16974763572216034, 0.16698899865150452, 0.16563397645950317, 0.16310685873031616, 0.16179309785366058, 0.15944696962833405]
Val_accuracy: [0.6596296429634094, 0.6881481409072876, 0.7066666483879089, 0.7148148417472839, 0.7233333587646484, 0.7248148322105408, 0.7325925827026367, 0.7222222089767456, 0.7277777791023254, 0.7337037324905396, 0.7251851558685303, 0.7311111092567444, 0.7188888788223267, 0.7388888597488403]
val_loss: [0.21247215569019318, 0.20132498443126678, 0.19296997785568237, 0.1883212924003601, 0.18450680375099182, 0.18215113878250122, 0.1824091076850891, 0.18399377167224884, 0.18208053708076477, 0.1784806251525879, 0.1820531040430069, 0.17861516773700714, 0.1840638816356659, 0.17935462296009064]

Epochs: 14
bsize: 15
lstm1: 11
rdrop: 0.1
dp1: 0.3
dense1: 32
##################################################################################
Accuracy: [0.6331686973571777, 0.6898765563964844, 0.7204938530921936, 0.7407407164573669, 0.7581481337547302, 0.7717283964157104, 0.7811522483825684, 0.7897942662239075, 0.7987654209136963, 0.8015637993812561, 0.8114403486251831]
Loss: [0.2227996438741684, 0.20113533735275269, 0.185747429728508, 0.17498169839382172, 0.1654752492904663, 0.15710888803005219, 0.15071158111095428, 0.14655765891075134, 0.1406346708536148, 0.138447105884552, 0.13303031027317047]
Val_accuracy: [0.6603703498840332, 0.6959259510040283, 0.720370352268219, 0.7262963056564331, 0.7459259033203125, 0.7462962865829468, 0.7459259033203125, 0.7522222399711609, 0.7433333396911621, 0.7562962770462036, 0.7555555701255798]
val_loss: [0.21280881762504578, 0.19645950198173523, 0.1856503039598465, 0.18289272487163544, 0.17752082645893097, 0.17297695577144623, 0.17522582411766052, 0.16972510516643524, 0.17260511219501495, 0.16807542741298676, 0.1698169708251953]

Epochs: 11
bsize: 15
lstm1: 20
rdrop: 0.1
dp1: 0.2
dense1: 48
##################################################################################
Accuracy: [0.640699565410614, 0.6969547271728516, 0.7304115295410156, 0.7536213994026184, 0.7726749181747437, 0.7873662710189819, 0.7967901229858398, 0.8049794435501099, 0.8169136047363281, 0.8239505887031555, 0.8330041170120239, 0.836872398853302]
Loss: [0.22052648663520813, 0.19728003442287445, 0.1804398000240326, 0.168331578373909, 0.1572919636964798, 0.14852122962474823, 0.14226247370243073, 0.13636979460716248, 0.13026520609855652, 0.1257757991552353, 0.12131626904010773, 0.11881102621555328]
Val_accuracy: [0.6825925707817078, 0.7085185050964355, 0.7266666889190674, 0.7351852059364319, 0.737407386302948, 0.7396296262741089, 0.7433333396911621, 0.729629635810852, 0.737407386302948, 0.7366666793823242, 0.7481481432914734, 0.7359259128570557]
val_loss: [0.20521116256713867, 0.1962631791830063, 0.1841435581445694, 0.1830243170261383, 0.17678602039813995, 0.17587542533874512, 0.17712177336215973, 0.18094591796398163, 0.18031547963619232, 0.17878247797489166, 0.18183881044387817, 0.18038338422775269]

Epochs: 12
bsize: 10
lstm1: 19
rdrop: 0.3
dp1: 0.1
dense1: 16
##################################################################################
Accuracy: [0.6424279808998108, 0.6990123391151428, 0.7273662686347961, 0.7473662495613098, 0.7656378746032715, 0.7785184979438782, 0.7881892919540405, 0.8007819056510925, 0.809876561164856]
Loss: [0.21905319392681122, 0.19506984949111938, 0.18072092533111572, 0.16899575293064117, 0.15996995568275452, 0.15221025049686432, 0.14653640985488892, 0.13927601277828217, 0.13404391705989838]
Val_accuracy: [0.6877777576446533, 0.7040740847587585, 0.7207407355308533, 0.7237036824226379, 0.7270370125770569, 0.7307407259941101, 0.7459259033203125, 0.7396296262741089, 0.7470370531082153]
val_loss: [0.2038278728723526, 0.19285258650779724, 0.18440964818000793, 0.1827726662158966, 0.17893965542316437, 0.18103927373886108, 0.17597436904907227, 0.18108831346035004, 0.17868299782276154]

Epochs: 9
bsize: 11
lstm1: 16
rdrop: 0.3
dp1: 0.1
dense1: 48
##################################################################################
Accuracy: [0.6345267295837402, 0.6834567785263062, 0.7125514149665833, 0.7321810722351074, 0.74448561668396, 0.7598353624343872, 0.7677366137504578, 0.772469162940979, 0.7779423594474792]
Loss: [0.22170327603816986, 0.2031189501285553, 0.1885547935962677, 0.1784927248954773, 0.17145147919654846, 0.16458792984485626, 0.15864171087741852, 0.15553230047225952, 0.15232989192008972]
Val_accuracy: [0.6700000166893005, 0.6903703808784485, 0.7148148417472839, 0.7214815020561218, 0.7322221994400024, 0.7322221994400024, 0.7440740466117859, 0.7411110997200012, 0.7392592430114746]
val_loss: [0.20729483664035797, 0.19612179696559906, 0.18520553410053253, 0.18067996203899384, 0.1820514053106308, 0.17647887766361237, 0.17264434695243835, 0.17210552096366882, 0.17421598732471466]

Epochs: 9
bsize: 11
lstm1: 20
rdrop: 0.2
dp1: 0.3
dense1: 128
#########################################