#########################################
Accuracy: [0.6029629707336426, 0.6442798376083374, 0.6683950424194336, 0.6822633743286133, 0.6878189444541931, 0.6988477110862732, 0.7014403343200684, 0.7051440477371216, 0.7091358304023743, 0.7095473408699036, 0.7152674794197083, 0.7147736549377441, 0.7195473313331604, 0.7218518257141113]
Loss: [0.6631221175193787, 0.6352159976959229, 0.6092239618301392, 0.5934491157531738, 0.5874546766281128, 0.5761531591415405, 0.5702820420265198, 0.5603442788124084, 0.5540950894355774, 0.5561061501502991, 0.5492472052574158, 0.5456946492195129, 0.5388089418411255, 0.5349854826927185]
Val_accuracy: [0.6496296525001526, 0.661481499671936, 0.6814814805984497, 0.6774073839187622, 0.6929629445075989, 0.6866666674613953, 0.6855555772781372, 0.6807407140731812, 0.6851851940155029, 0.6851851940155029, 0.6874074339866638, 0.6840741038322449, 0.6885185241699219, 0.6892592310905457]
val_loss: [0.6278942227363586, 0.6145600080490112, 0.5914139151573181, 0.5938012003898621, 0.581649661064148, 0.5841309428215027, 0.5816780924797058, 0.5811355710029602, 0.5813370943069458, 0.5775864720344543, 0.5774704217910767, 0.5801073312759399, 0.5740490555763245, 0.5759819746017456]

Epochs: 14
bsize: 7
lstm1: 19
n_value: 3
rdrop: 0.1
dp1: 0.1
dp2: 0.3
dp3: 0.3
dense1: 96
##################################################################################
Accuracy: [0.5930041074752808, 0.6332098841667175, 0.6509876251220703, 0.663209855556488, 0.6681481599807739]
Loss: [0.6663110256195068, 0.6416821479797363, 0.6235780119895935, 0.6146902441978455, 0.6055603623390198]
Val_accuracy: [0.6418518424034119, 0.6559259295463562, 0.6688888669013977, 0.678518533706665, 0.678518533706665]
val_loss: [0.6338827610015869, 0.6167580485343933, 0.6007057428359985, 0.5989425182342529, 0.5887066721916199]

Epochs: 5
bsize: 10
lstm1: 16
n_value: 3
rdrop: 0.1
dp1: 0.2
dp2: 0.3
dp3: 0.2
dense1: 80
##################################################################################
Accuracy: [0.6096296310424805, 0.6475720405578613, 0.6673250794410706, 0.6788066029548645, 0.6875720024108887, 0.6899176836013794, 0.698271632194519, 0.7014814615249634, 0.7062963247299194, 0.7057613134384155, 0.7101646065711975, 0.7095884680747986, 0.7134156227111816]
Loss: [0.6573448777198792, 0.6293102502822876, 0.6111443638801575, 0.5993773937225342, 0.5892176032066345, 0.5815014839172363, 0.5753580331802368, 0.5697222948074341, 0.5668414831161499, 0.5661268830299377, 0.5610576868057251, 0.5578992366790771, 0.5555185675621033]
Val_accuracy: [0.6466666460037231, 0.6577777862548828, 0.6674073934555054, 0.6651852130889893, 0.6766666769981384, 0.6985185146331787, 0.6907407641410828, 0.6844444274902344, 0.6848148107528687, 0.698888897895813, 0.6885185241699219, 0.6881481409072876, 0.6981481313705444]
val_loss: [0.6246973872184753, 0.6095632314682007, 0.6012811660766602, 0.5976719856262207, 0.5866443514823914, 0.5731933116912842, 0.5804933905601501, 0.5785400867462158, 0.5765072107315063, 0.5734481811523438, 0.5790792107582092, 0.5784627795219421, 0.5718088746070862]

Epochs: 13
bsize: 8
lstm1: 18
n_value: 3
rdrop: 0.2
dp1: 0.3
dp2: 0.1
dp3: 0.1
dense1: 16
##################################################################################
Accuracy: [0.5990946292877197, 0.6315226554870605, 0.6384773850440979, 0.6424279808998108, 0.6441563963890076, 0.6478601098060608, 0.6481069922447205, 0.6471604704856873, 0.6511522531509399, 0.6490535140037537, 0.6525925993919373, 0.6536625623703003, 0.6500822901725769, 0.6492592692375183]
Loss: [0.6651930809020996, 0.6464757919311523, 0.6397547125816345, 0.6335239410400391, 0.6321888566017151, 0.6281822323799133, 0.6269609332084656, 0.6234513521194458, 0.6220858097076416, 0.6232820749282837, 0.6220654845237732, 0.6196981072425842, 0.6213526725769043, 0.619080662727356]
Val_accuracy: [0.6503703594207764, 0.6511111259460449, 0.6566666960716248, 0.665925920009613, 0.6677777767181396, 0.6781481504440308, 0.6762962937355042, 0.6681481599807739, 0.6733333468437195, 0.6744444370269775, 0.6848148107528687, 0.6866666674613953, 0.6851851940155029, 0.6833333373069763]
val_loss: [0.6302762627601624, 0.6257278919219971, 0.6150633096694946, 0.6065704822540283, 0.613682210445404, 0.6146865487098694, 0.6122344136238098, 0.6031888723373413, 0.6122605800628662, 0.6042030453681946, 0.6056031584739685, 0.5971957445144653, 0.6087432503700256, 0.6120367050170898]

Epochs: 14
bsize: 8
lstm1: 20
n_value: 1
rdrop: 0.3
dp1: 0.2
dp2: 0.3
dp3: 0.1
dense1: 112
##################################################################################
Accuracy: [0.59065842628479, 0.6202057600021362, 0.6289300322532654, 0.6291769742965698, 0.6352674961090088, 0.6382304430007935, 0.6418107151985168, 0.6463374495506287, 0.6458847522735596, 0.6408641934394836, 0.6399999856948853, 0.6439094543457031]
Loss: [0.6681483387947083, 0.651788055896759, 0.6429162621498108, 0.6410095691680908, 0.6387186646461487, 0.6357125043869019, 0.6342788338661194, 0.6296864151954651, 0.6321962475776672, 0.6315992474555969, 0.6311794519424438, 0.6293818950653076]
Val_accuracy: [0.6559259295463562, 0.6559259295463562, 0.6585184931755066, 0.6544444561004639, 0.6592592597007751, 0.661481499671936, 0.6592592597007751, 0.6644444465637207, 0.6611111164093018, 0.6651852130889893, 0.6644444465637207, 0.6677777767181396]
val_loss: [0.6408687829971313, 0.6280304193496704, 0.6185680031776428, 0.6235694885253906, 0.6150507926940918, 0.6152697801589966, 0.6131318807601929, 0.6100573539733887, 0.6102933883666992, 0.6107727289199829, 0.6043947339057922, 0.6070267558097839]

Epochs: 12
bsize: 5
lstm1: 10
n_value: 1
rdrop: 0.2
dp1: 0.3
dp2: 0.2
dp3: 0.2
dense1: 112
##################################################################################
Accuracy: [0.5900411605834961, 0.6321810483932495, 0.6485596895217896, 0.6562139987945557, 0.6672839522361755, 0.6722221970558167, 0.6794238686561584, 0.6817284226417542, 0.6860082149505615, 0.6824691295623779, 0.6893004179000854, 0.687983512878418]
Loss: [0.6670774817466736, 0.6402842998504639, 0.6284916996955872, 0.6196886301040649, 0.6086831092834473, 0.600979745388031, 0.5956515669822693, 0.5902212262153625, 0.5888331532478333, 0.5846372842788696, 0.5810489654541016, 0.5775859355926514]
Val_accuracy: [0.6481481194496155, 0.6651852130889893, 0.6711111068725586, 0.6766666769981384, 0.6740740537643433, 0.6814814805984497, 0.6811110973358154, 0.6759259104728699, 0.6888889074325562, 0.6851851940155029, 0.6825925707817078, 0.6877777576446533]
val_loss: [0.6270817518234253, 0.6183275580406189, 0.6109694838523865, 0.5996273159980774, 0.5947892069816589, 0.5851321220397949, 0.5810611248016357, 0.5895482301712036, 0.5827235579490662, 0.5851060152053833, 0.5838337540626526, 0.5786727070808411]

Epochs: 12
bsize: 11
lstm1: 14
n_value: 3
rdrop: 0.3
dp1: 0.2
dp2: 0.3
dp3: 0.3
dense1: 128
##################################################################################
Accuracy: [0.5935802459716797, 0.6468312740325928, 0.6611522436141968, 0.6728395223617554, 0.6797942519187927, 0.6861317157745361, 0.6958847641944885, 0.70057612657547, 0.7001646161079407, 0.7020164728164673, 0.7058847546577454, 0.7089712023735046]
Loss: [0.6626591682434082, 0.6323170065879822, 0.6150917410850525, 0.5988017320632935, 0.5926342010498047, 0.5856725573539734, 0.5741623044013977, 0.5711752772331238, 0.5669723153114319, 0.5641389489173889, 0.5614308714866638, 0.5538806915283203]
Val_accuracy: [0.6485185027122498, 0.6644444465637207, 0.6729629635810852, 0.6640740633010864, 0.6848148107528687, 0.6811110973358154, 0.6822222471237183, 0.6870370507240295, 0.6792592406272888, 0.6844444274902344, 0.6907407641410828, 0.6866666674613953]
val_loss: [0.6261675953865051, 0.613421618938446, 0.6019185185432434, 0.5922350287437439, 0.5878903269767761, 0.5867007374763489, 0.5840455889701843, 0.579795241355896, 0.5797890424728394, 0.5823620557785034, 0.5797151923179626, 0.5814380645751953]

Epochs: 12
bsize: 9
lstm1: 13
n_value: 3
rdrop: 0.2
dp1: 0.2
dp2: 0.2
dp3: 0.1
dense1: 48
##################################################################################
Accuracy: [0.592263400554657, 0.6297942399978638, 0.6482716202735901, 0.6561316847801208, 0.6618106961250305, 0.6627983450889587, 0.6694650053977966, 0.6720987558364868, 0.6721399426460266, 0.6768724322319031, 0.6805349588394165, 0.6772016286849976, 0.6864197254180908, 0.6807407140731812, 0.6814403533935547]
Loss: [0.665985643863678, 0.6467090249061584, 0.6343417763710022, 0.6232559680938721, 0.6188104152679443, 0.6156113147735596, 0.6101993322372437, 0.6072710156440735, 0.6045088171958923, 0.6003003716468811, 0.5959072709083557, 0.5978355407714844, 0.5932518839836121, 0.5948159694671631, 0.5960670709609985]
Val_accuracy: [0.6496296525001526, 0.6611111164093018, 0.6725925803184509, 0.6851851940155029, 0.6833333373069763, 0.6851851940155029, 0.6807407140731812, 0.6851851940155029, 0.6744444370269775, 0.6851851940155029, 0.6903703808784485, 0.6903703808784485, 0.6892592310905457, 0.6788889169692993, 0.6948148012161255]
val_loss: [0.6273336410522461, 0.6203432679176331, 0.6121840476989746, 0.6039398312568665, 0.596854567527771, 0.5900799036026001, 0.5939216017723083, 0.5883899927139282, 0.586082935333252, 0.585301399230957, 0.5852221846580505, 0.5860365033149719, 0.5874465107917786, 0.5872415900230408, 0.580863356590271]

Epochs: 15
bsize: 10
lstm1: 12
n_value: 2
rdrop: 0.2
dp1: 0.2
dp2: 0.3
dp3: 0.3
dense1: 80
##################################################################################
Accuracy: [0.5969135761260986, 0.6330864429473877, 0.6453498005867004, 0.6565843820571899, 0.6565843820571899, 0.6583539247512817, 0.6670781970024109, 0.6634979248046875, 0.6638683080673218, 0.6668724417686462, 0.6656790375709534, 0.6652263402938843, 0.6662139892578125, 0.6700000166893005]
Loss: [0.6618366837501526, 0.6393707394599915, 0.6306149959564209, 0.6225994229316711, 0.6185556054115295, 0.6177726984024048, 0.6133079528808594, 0.6124409437179565, 0.6092613935470581, 0.6088464260101318, 0.6080526113510132, 0.6069916486740112, 0.6090019941329956, 0.6046367883682251]
Val_accuracy: [0.6466666460037231, 0.6466666460037231, 0.6622222065925598, 0.6807407140731812, 0.6711111068725586, 0.6759259104728699, 0.6688888669013977, 0.6729629635810852, 0.6711111068725586, 0.6774073839187622, 0.6796296238899231, 0.6774073839187622, 0.6796296238899231, 0.6822222471237183]
val_loss: [0.6318702697753906, 0.6224541068077087, 0.6115712523460388, 0.601549506187439, 0.6048884391784668, 0.6008820533752441, 0.6005913019180298, 0.5980406999588013, 0.6039267182350159, 0.5962896943092346, 0.5961344242095947, 0.5924145579338074, 0.5954944491386414, 0.5943874716758728]

Epochs: 14
bsize: 10
lstm1: 16
n_value: 1
rdrop: 0.1
dp1: 0.2
dp2: 0.1
dp3: 0.3
dense1: 32
##################################################################################
Accuracy: [0.5855144262313843, 0.6248971223831177, 0.6298353672027588, 0.6348147988319397, 0.6485185027122498, 0.6482716202735901, 0.6517695188522339, 0.6553086638450623, 0.6576131582260132, 0.6583127379417419, 0.6619341373443604]
Loss: [0.6711320877075195, 0.6512543559074402, 0.6405218243598938, 0.6358477473258972, 0.6287528276443481, 0.6275280714035034, 0.625395655632019, 0.6211269497871399, 0.6179277300834656, 0.6185305118560791, 0.6150111556053162]
Val_accuracy: [0.648888885974884, 0.6618518233299255, 0.661481499671936, 0.6622222065925598, 0.6666666865348816, 0.6788889169692993, 0.6788889169692993, 0.682962954044342, 0.6774073839187622, 0.6748148202896118, 0.6837037205696106]
val_loss: [0.644314706325531, 0.624653160572052, 0.6115841269493103, 0.6158896088600159, 0.6097320914268494, 0.607388436794281, 0.6016192436218262, 0.5994982719421387, 0.6044464707374573, 0.5998693108558655, 0.5954034924507141]

Epochs: 11
bsize: 6
lstm1: 18
n_value: 2
rdrop: 0.2
dp1: 0.3
dp2: 0.3
dp3: 0.3
dense1: 112
##################################################################################
Accuracy: [0.6118518710136414, 0.6441975235939026, 0.6555555462837219, 0.6573250889778137, 0.6646502017974854, 0.661481499671936, 0.6660493612289429, 0.6693826913833618, 0.6674897074699402, 0.6694238781929016, 0.6704115271568298, 0.6737859845161438, 0.671975314617157, 0.6787654161453247]
Loss: [0.6550998687744141, 0.6328901052474976, 0.6224095821380615, 0.6181120276451111, 0.612642228603363, 0.6118519902229309, 0.6086497902870178, 0.6066807508468628, 0.6065313816070557, 0.6040662527084351, 0.6042801141738892, 0.6017747521400452, 0.601020872592926, 0.5975356698036194]
Val_accuracy: [0.6670370101928711, 0.6740740537643433, 0.6777777671813965, 0.669259250164032, 0.6859259009361267, 0.6807407140731812, 0.678518533706665, 0.681851863861084, 0.6833333373069763, 0.682962954044342, 0.6814814805984497, 0.6803703904151917, 0.6774073839187622, 0.6855555772781372]
val_loss: [0.6182144284248352, 0.6078680753707886, 0.6029903888702393, 0.6019802689552307, 0.6027662754058838, 0.6029791235923767, 0.5977312326431274, 0.5969325304031372, 0.5964753031730652, 0.5932376980781555, 0.5947547554969788, 0.5962066054344177, 0.5921897888183594, 0.5928049683570862]

Epochs: 14
bsize: 8
lstm1: 15
n_value: 1
rdrop: 0.2
dp1: 0.1
dp2: 0.2
dp3: 0.2
dense1: 128
##################################################################################
Accuracy: [0.6056790351867676, 0.640617311000824, 0.658724308013916, 0.668189287185669, 0.6780247092247009, 0.6853498220443726, 0.6952674984931946, 0.6971193552017212, 0.6995473504066467, 0.7062140107154846, 0.7102469205856323]
Loss: [0.6606312990188599, 0.6332099437713623, 0.6183939576148987, 0.6077403426170349, 0.6002706289291382, 0.5895264148712158, 0.579003632068634, 0.5773105621337891, 0.5738775730133057, 0.5666529536247253, 0.563007652759552]
Val_accuracy: [0.6551851630210876, 0.6618518233299255, 0.6748148202896118, 0.6796296238899231, 0.6814814805984497, 0.686296284198761, 0.6925926208496094, 0.6977777481079102, 0.6948148012161255, 0.698888897895813, 0.7025926113128662]
val_loss: [0.6267338395118713, 0.6126051545143127, 0.602422297000885, 0.5926249623298645, 0.5886859893798828, 0.5916588306427002, 0.5810860395431519, 0.5749478936195374, 0.580699622631073, 0.5694186687469482, 0.5718787312507629]

Epochs: 11
bsize: 14
lstm1: 11
n_value: 3
rdrop: 0.2
dp1: 0.3
dp2: 0.1
dp3: 0.3
dense1: 64
##################################################################################
Accuracy: [0.5863374471664429, 0.6162962913513184, 0.6294238567352295, 0.6382716298103333, 0.6402057409286499, 0.6400822997093201, 0.6393827199935913, 0.6480246782302856]
Loss: [0.6688153743743896, 0.6522295475006104, 0.6432651877403259, 0.6381635069847107, 0.6349914073944092, 0.6347723603248596, 0.6336250305175781, 0.6289044618606567]
Val_accuracy: [0.6374074220657349, 0.6299999952316284, 0.6314814686775208, 0.6422222256660461, 0.647777795791626, 0.6455555558204651, 0.6499999761581421, 0.6559259295463562]
val_loss: [0.6452391743659973, 0.6287633776664734, 0.6283122897148132, 0.6248517632484436, 0.6244908571243286, 0.62392258644104, 0.6202228665351868, 0.6168854832649231]

Epochs: 8
bsize: 7
lstm1: 10
n_value: 1
rdrop: 0.1
dp1: 0.2
dp2: 0.3
dp3: 0.3
dense1: 128
##################################################################################
Accuracy: [0.585761308670044, 0.6267901062965393, 0.6470370292663574, 0.6539917588233948, 0.663168728351593, 0.6644444465637207]
Loss: [0.6685768961906433, 0.6442567110061646, 0.6308597922325134, 0.622118353843689, 0.6164335012435913, 0.6107538342475891]
Val_accuracy: [0.6433333158493042, 0.6485185027122498, 0.6618518233299255, 0.669259250164032, 0.6629629731178284, 0.6892592310905457]
val_loss: [0.6360480785369873, 0.6250964999198914, 0.6139423251152039, 0.608546793460846, 0.6004729270935059, 0.5952749848365784]

Epochs: 6
bsize: 12
lstm1: 11
n_value: 2
rdrop: 0.1
dp1: 0.2
dp2: 0.3
dp3: 0.1
dense1: 16
##################################################################################
Accuracy: [0.5991769433021545, 0.637901246547699, 0.6526337265968323, 0.6527983546257019, 0.6572016477584839, 0.6656378507614136, 0.6643621325492859, 0.663127601146698, 0.6699588298797607, 0.6718518733978271, 0.6706584095954895, 0.6698353886604309]
Loss: [0.6616545915603638, 0.6393076777458191, 0.6295068264007568, 0.6248160600662231, 0.6216174364089966, 0.6152601838111877, 0.614436149597168, 0.6145287156105042, 0.610585629940033, 0.6094490885734558, 0.6077998876571655, 0.6080270409584045]
Val_accuracy: [0.6448147892951965, 0.669259250164032, 0.6625925898551941, 0.6685185432434082, 0.6740740537643433, 0.6759259104728699, 0.6729629635810852, 0.6740740537643433, 0.6685185432434082, 0.682962954044342, 0.6822222471237183, 0.6877777576446533]
val_loss: [0.6316035985946655, 0.6153072714805603, 0.6146025061607361, 0.6083906292915344, 0.6072292923927307, 0.6019732356071472, 0.6003661751747131, 0.5966604948043823, 0.6057721972465515, 0.5957744121551514, 0.6006162762641907, 0.6003924012184143]

Epochs: 12
bsize: 14
lstm1: 13
n_value: 1
rdrop: 0.3
dp1: 0.1
dp2: 0.2
dp3: 0.3
dense1: 128
##################################################################################
Accuracy: [0.601152241230011, 0.636296272277832, 0.6563786268234253, 0.6648971438407898, 0.6729629635810852, 0.6790534853935242, 0.684609055519104, 0.6898765563964844, 0.6888065934181213, 0.6916460990905762, 0.6994650363922119]
Loss: [0.6627108454704285, 0.63889080286026, 0.6197314262390137, 0.6085390448570251, 0.5991896390914917, 0.5932448506355286, 0.5881802439689636, 0.5844098925590515, 0.5843967199325562, 0.5809049010276794, 0.573462188243866]
Val_accuracy: [0.6577777862548828, 0.6651852130889893, 0.6733333468437195, 0.6770370602607727, 0.6733333468437195, 0.6781481504440308, 0.6800000071525574, 0.678518533706665, 0.6781481504440308, 0.681851863861084, 0.6937037110328674]
val_loss: [0.6237132549285889, 0.6162425875663757, 0.6047145128250122, 0.5907675623893738, 0.5888081192970276, 0.5869299173355103, 0.5854752659797668, 0.5876341462135315, 0.5783644914627075, 0.5824795961380005, 0.5763874650001526]

Epochs: 11
bsize: 7
lstm1: 16
n_value: 3
rdrop: 0.2
dp1: 0.3
dp2: 0.2
dp3: 0.1
dense1: 128
##################################################################################
Accuracy: [0.6172016263008118, 0.6512756943702698, 0.6641152501106262, 0.6755144000053406, 0.678518533706665, 0.6837037205696106, 0.6898765563964844, 0.6951851844787598]
Loss: [0.6526713967323303, 0.6255471110343933, 0.6098897457122803, 0.6002989411354065, 0.5952102541923523, 0.5881363749504089, 0.5834536552429199, 0.5786126255989075]
Val_accuracy: [0.6729629635810852, 0.6825925707817078, 0.6870370507240295, 0.6851851940155029, 0.6885185241699219, 0.6851851940155029, 0.6896296143531799, 0.6911110877990723]
val_loss: [0.609379231929779, 0.5960437059402466, 0.5857126712799072, 0.5949863791465759, 0.5775820016860962, 0.5781430602073669, 0.5744155049324036, 0.5976278781890869]

Epochs: 8
bsize: 5
lstm1: 18
n_value: 2
rdrop: 0.1
dp1: 0.2
dp2: 0.1
dp3: 0.1
dense1: 112
##################################################################################
Accuracy: [0.600534975528717, 0.6409053206443787, 0.6653497815132141, 0.6765020489692688, 0.6892181038856506, 0.7006173133850098, 0.6998765468597412, 0.7059670686721802, 0.7078600525856018, 0.7124279737472534, 0.7179012298583984, 0.7198354005813599]
Loss: [0.6607308983802795, 0.6340102553367615, 0.6131300926208496, 0.5979533791542053, 0.5850065350532532, 0.5754258632659912, 0.5675204396247864, 0.5628033876419067, 0.5596198439598083, 0.5539568662643433, 0.5462751984596252, 0.5442964434623718]
Val_accuracy: [0.6451851725578308, 0.652222216129303, 0.6740740537643433, 0.686296284198761, 0.6888889074325562, 0.6759259104728699, 0.6844444274902344, 0.678518533706665, 0.6899999976158142, 0.6914814710617065, 0.6877777576446533, 0.695555567741394]
val_loss: [0.6268985867500305, 0.6152918934822083, 0.6031159162521362, 0.5915346741676331, 0.588222086429596, 0.5889301896095276, 0.5870816111564636, 0.5855830907821655, 0.5818224549293518, 0.5810818076133728, 0.5827280879020691, 0.5811517834663391]

Epochs: 12
bsize: 13
lstm1: 12
n_value: 3
rdrop: 0.3
dp1: 0.1
dp2: 0.3
dp3: 0.1
dense1: 112
##################################################################################
Accuracy: [0.6117695569992065, 0.6534979343414307, 0.6640329360961914, 0.6774073839187622, 0.679135799407959, 0.6865843534469604, 0.6962140202522278, 0.6936213970184326, 0.7000411748886108]
Loss: [0.6541053652763367, 0.6269838809967041, 0.6138517260551453, 0.5999903082847595, 0.5940526127815247, 0.5887930989265442, 0.5815588235855103, 0.5803613066673279, 0.576525866985321]
Val_accuracy: [0.6544444561004639, 0.6751852035522461, 0.6740740537643433, 0.6874074339866638, 0.686296284198761, 0.6866666674613953, 0.6899999976158142, 0.695555567741394, 0.6922222375869751]
val_loss: [0.6170808672904968, 0.6031826734542847, 0.5934010148048401, 0.5791515707969666, 0.5764058232307434, 0.5766602158546448, 0.5756322145462036, 0.5727116465568542, 0.5717591047286987]

Epochs: 9
bsize: 8
lstm1: 16
n_value: 2
rdrop: 0.2
dp1: 0.2
dp2: 0.1
dp3: 0.1
dense1: 80
##################################################################################
Accuracy: [0.6088066101074219, 0.6548559665679932, 0.6776131391525269, 0.6965843439102173, 0.7065020799636841, 0.7201645970344543, 0.7242386937141418, 0.7331275939941406, 0.7389300465583801, 0.7445679306983948, 0.7477777600288391, 0.7520164847373962, 0.7532098889350891, 0.7530452609062195]
Loss: [0.6568565368652344, 0.6213880181312561, 0.6007877588272095, 0.5818285942077637, 0.5670028328895569, 0.5505172610282898, 0.5404486656188965, 0.5308610200881958, 0.5234872102737427, 0.5155001282691956, 0.5097483992576599, 0.5024324655532837, 0.49990808963775635, 0.4978422522544861]
Val_accuracy: [0.6588888764381409, 0.6737037301063538, 0.6907407641410828, 0.6929629445075989, 0.6903703808784485, 0.6837037205696106, 0.6929629445075989, 0.6881481409072876, 0.6981481313705444, 0.6925926208496094, 0.6937037110328674, 0.6796296238899231, 0.6911110877990723, 0.6870370507240295]
val_loss: [0.6170597672462463, 0.5995112061500549, 0.5923640727996826, 0.5833948254585266, 0.5795614719390869, 0.5787188410758972, 0.5775001645088196, 0.5766059160232544, 0.5772275924682617, 0.5767090916633606, 0.5719624757766724, 0.5826924443244934, 0.5798665285110474, 0.5789658427238464]

Epochs: 14
bsize: 12
lstm1: 14
n_value: 3
rdrop: 0.3
dp1: 0.1
dp2: 0.1
dp3: 0.3
dense1: 128
##################################################################################
Accuracy: [0.6044444441795349, 0.6476954817771912, 0.6632921695709229, 0.67580246925354, 0.6875308752059937, 0.6907818913459778]
Loss: [0.6600984334945679, 0.6318698525428772, 0.6162976026535034, 0.599274218082428, 0.5869695544242859, 0.5825373530387878]
Val_accuracy: [0.6429629921913147, 0.6555555462837219, 0.669259250164032, 0.6677777767181396, 0.6688888669013977, 0.6948148012161255]
val_loss: [0.6272719502449036, 0.6109930872917175, 0.6038184762001038, 0.6015191078186035, 0.5908263921737671, 0.5787383913993835]

Epochs: 6
bsize: 14
lstm1: 11
n_value: 3
rdrop: 0.2
dp1: 0.2
dp2: 0.2
dp3: 0.1
dense1: 80
##################################################################################
Accuracy: [0.5952674746513367, 0.6214814782142639, 0.636296272277832, 0.6426749229431152, 0.6421399116516113, 0.6500822901725769, 0.6472427845001221, 0.6500822901725769, 0.6490123271942139, 0.6525102853775024, 0.6509464979171753, 0.657078206539154, 0.657736599445343, 0.6519341468811035, 0.654321014881134]
Loss: [0.665350079536438, 0.6494240164756775, 0.6394296288490295, 0.6331408619880676, 0.6295263171195984, 0.6278157830238342, 0.6264334917068481, 0.6243094205856323, 0.6247579455375671, 0.6226405501365662, 0.6234616637229919, 0.6178526282310486, 0.6192293763160706, 0.617158055305481, 0.618196427822113]
Val_accuracy: [0.6262962818145752, 0.6514815092086792, 0.6655555367469788, 0.6644444465637207, 0.6670370101928711, 0.6707407236099243, 0.6737037301063538, 0.6740740537643433, 0.6677777767181396, 0.6722221970558167, 0.6725925803184509, 0.6837037205696106, 0.6866666674613953, 0.6825925707817078, 0.6777777671813965]
val_loss: [0.6447243094444275, 0.6277172565460205, 0.6149337887763977, 0.6112827658653259, 0.6177573204040527, 0.6094271540641785, 0.6087805032730103, 0.6005483865737915, 0.6118135452270508, 0.6093263030052185, 0.6042442321777344, 0.6011263728141785, 0.6001504063606262, 0.6003925204277039, 0.5998520851135254]

Epochs: 15
bsize: 11
lstm1: 14
n_value: 1
rdrop: 0.2
dp1: 0.3
dp2: 0.2
dp3: 0.1
dense1: 96
##################################################################################
Accuracy: [0.596748948097229, 0.6320576071739197, 0.6530452966690063, 0.6598353981971741, 0.663209855556488, 0.6641152501106262, 0.674773633480072, 0.6761728525161743, 0.6788889169692993, 0.6787242889404297, 0.6821399331092834, 0.6806584596633911, 0.6826748847961426]
Loss: [0.6631572842597961, 0.6427664160728455, 0.6245896816253662, 0.6180356740951538, 0.6112927198410034, 0.6100673675537109, 0.6014900207519531, 0.6000251770019531, 0.5969193577766418, 0.5955069661140442, 0.5922107696533203, 0.594585120677948, 0.5905666351318359]
Val_accuracy: [0.6611111164093018, 0.6618518233299255, 0.681851863861084, 0.6788889169692993, 0.6729629635810852, 0.6814814805984497, 0.6877777576446533, 0.6866666674613953, 0.6859259009361267, 0.6851851940155029, 0.6870370507240295, 0.6885185241699219, 0.681851863861084]
val_loss: [0.6216993927955627, 0.6171739101409912, 0.6029283404350281, 0.5953710079193115, 0.6010925769805908, 0.5936849117279053, 0.5895167589187622, 0.5837668180465698, 0.5830985307693481, 0.5823952555656433, 0.5842124223709106, 0.5793304443359375, 0.5832227468490601]

Epochs: 13
bsize: 6
lstm1: 12
n_value: 2
rdrop: 0.2
dp1: 0.3
dp2: 0.1
dp3: 0.3
dense1: 80
##################################################################################
Accuracy: [0.5762962698936462, 0.6143621206283569, 0.6233333349227905, 0.6309876441955566, 0.6271193623542786, 0.6341152191162109, 0.6329218149185181, 0.6369959115982056, 0.6383950710296631, 0.6375308632850647, 0.6360082030296326, 0.6413992047309875, 0.6435802578926086, 0.6416872143745422]
Loss: [0.6716216802597046, 0.6536017060279846, 0.6467137932777405, 0.6412162184715271, 0.640734076499939, 0.6369505524635315, 0.6364586353302002, 0.634657084941864, 0.6324198246002197, 0.634262204170227, 0.6343269348144531, 0.6301162838935852, 0.6288129687309265, 0.6267297863960266]
Val_accuracy: [0.6359259486198425, 0.6462963223457336, 0.6499999761581421, 0.6592592597007751, 0.6688888669013977, 0.6511111259460449, 0.6718518733978271, 0.6751852035522461, 0.6751852035522461, 0.6844444274902344, 0.6844444274902344, 0.6800000071525574, 0.6718518733978271, 0.6766666769981384]
val_loss: [0.6421816349029541, 0.6279453039169312, 0.6245973706245422, 0.6225790977478027, 0.6270049810409546, 0.6207664012908936, 0.6153059601783752, 0.6116483211517334, 0.6118689775466919, 0.6078680753707886, 0.6077225208282471, 0.6031335592269897, 0.6057689785957336, 0.6103317737579346]

Epochs: 14
bsize: 8
lstm1: 16
n_value: 1
rdrop: 0.2
dp1: 0.3
dp2: 0.3
dp3: 0.3
dense1: 80
##################################################################################
Accuracy: [0.6073662638664246, 0.6472427845001221, 0.665925920009613, 0.680164635181427, 0.6902057528495789, 0.6991769671440125, 0.7014403343200684, 0.6993827223777771, 0.705020546913147, 0.7119753360748291, 0.7114814519882202, 0.7120164632797241, 0.7150617241859436]
Loss: [0.6582620739936829, 0.6295799612998962, 0.6119686961174011, 0.5998024940490723, 0.5857611894607544, 0.5741333365440369, 0.5700712203979492, 0.569351315498352, 0.561686098575592, 0.5551962852478027, 0.5544537901878357, 0.5505125522613525, 0.5453085899353027]
Val_accuracy: [0.6525925993919373, 0.6655555367469788, 0.6759259104728699, 0.6807407140731812, 0.6777777671813965, 0.686296284198761, 0.6859259009361267, 0.6814814805984497, 0.6837037205696106, 0.6825925707817078, 0.6896296143531799, 0.6933333277702332, 0.6899999976158142]
val_loss: [0.6287853717803955, 0.6055926084518433, 0.5936764478683472, 0.5824565291404724, 0.5820921063423157, 0.5811835527420044, 0.5812860727310181, 0.5740086436271667, 0.5764859318733215, 0.5713405013084412, 0.5691583752632141, 0.5678972005844116, 0.5694120526313782]

Epochs: 13
bsize: 15
lstm1: 17
n_value: 3
rdrop: 0.1
dp1: 0.2
dp2: 0.2
dp3: 0.2
dense1: 80
##################################################################################
Accuracy: [0.6018518805503845, 0.6336625218391418, 0.6464197635650635, 0.6595473289489746, 0.6634156107902527]
Loss: [0.6631693243980408, 0.6421887278556824, 0.6300241351127625, 0.6203277111053467, 0.6145546436309814]
Val_accuracy: [0.653333306312561, 0.6770370602607727, 0.6807407140731812, 0.6892592310905457, 0.681851863861084]
val_loss: [0.6304431557655334, 0.6179659962654114, 0.6124110221862793, 0.6000625491142273, 0.5969343781471252]

Epochs: 5
bsize: 14
lstm1: 18
n_value: 2
rdrop: 0.2
dp1: 0.2
dp2: 0.3
dp3: 0.2
dense1: 64
##################################################################################
Accuracy: [0.5902057886123657, 0.6272839307785034, 0.6377366185188293, 0.6352674961090088, 0.6368312835693359, 0.6468312740325928, 0.6493003964424133, 0.6501646041870117, 0.6453498005867004]
Loss: [0.6665031909942627, 0.646960973739624, 0.6394479870796204, 0.6377966403961182, 0.6343591809272766, 0.6298412084579468, 0.6280017495155334, 0.6271799206733704, 0.6279950141906738]
Val_accuracy: [0.644444465637207, 0.6451851725578308, 0.669259250164032, 0.6718518733978271, 0.669259250164032, 0.6585184931755066, 0.6651852130889893, 0.6562963128089905, 0.6677777767181396]
val_loss: [0.6359540820121765, 0.6315003633499146, 0.619121789932251, 0.611635684967041, 0.6104043126106262, 0.6144176125526428, 0.6135860681533813, 0.6112862825393677, 0.608478307723999]

Epochs: 9
bsize: 15
lstm1: 15
n_value: 1
rdrop: 0.3
dp1: 0.3
dp2: 0.2
dp3: 0.2
dense1: 48
##################################################################################
Accuracy: [0.6078189015388489, 0.6482716202735901, 0.6610288023948669, 0.6708230376243591, 0.6771605014801025, 0.680205762386322, 0.687366247177124, 0.684650182723999, 0.6865020394325256, 0.6887654066085815]
Loss: [0.6583503484725952, 0.6293814182281494, 0.6188763380050659, 0.607792317867279, 0.601749837398529, 0.5958417654037476, 0.5905774235725403, 0.5870000720024109, 0.5855650305747986, 0.5864837169647217]
Val_accuracy: [0.6596296429634094, 0.6744444370269775, 0.6840741038322449, 0.6914814710617065, 0.6881481409072876, 0.6899999976158142, 0.6918518543243408, 0.6918518543243408, 0.6914814710617065, 0.7025926113128662]
val_loss: [0.6184899210929871, 0.6048761606216431, 0.5939523577690125, 0.5889142751693726, 0.5841162204742432, 0.5825595855712891, 0.5781160593032837, 0.5801503658294678, 0.5763800740242004, 0.5748679637908936]

Epochs: 10
bsize: 10
lstm1: 19
n_value: 2
rdrop: 0.1
dp1: 0.2
dp2: 0.2
dp3: 0.1
dense1: 32
##################################################################################
Accuracy: [0.606584370136261, 0.6523868441581726, 0.6705349683761597, 0.6822633743286133, 0.6915637850761414, 0.6979835629463196, 0.706049382686615, 0.7126749157905579, 0.7137448787689209, 0.718641996383667, 0.7227983474731445, 0.7286419868469238, 0.7225102782249451, 0.728600800037384]
Loss: [0.657206118106842, 0.6286935806274414, 0.6071189045906067, 0.5921763181686401, 0.5830461978912354, 0.5713765025138855, 0.5635995864868164, 0.555199921131134, 0.5528985857963562, 0.5479128360748291, 0.5378128290176392, 0.5340479612350464, 0.5361295342445374, 0.5310698747634888]
Val_accuracy: [0.6574074029922485, 0.6696296334266663, 0.6800000071525574, 0.6707407236099243, 0.6774073839187622, 0.6677777767181396, 0.6788889169692993, 0.6837037205696106, 0.6811110973358154, 0.6866666674613953, 0.6833333373069763, 0.6874074339866638, 0.6922222375869751, 0.6918518543243408]
val_loss: [0.6223744750022888, 0.6065438985824585, 0.5941617488861084, 0.5959689617156982, 0.5896355509757996, 0.5906211733818054, 0.5869230031967163, 0.580825686454773, 0.584117591381073, 0.5803044438362122, 0.5784592628479004, 0.5773091912269592, 0.5869197249412537, 0.5767549872398376]

Epochs: 14
bsize: 11
lstm1: 19
n_value: 3
rdrop: 0.2
dp1: 0.2
dp2: 0.1
dp3: 0.3
dense1: 16
##################################################################################
Accuracy: [0.5940740704536438, 0.6382304430007935, 0.6516872644424438, 0.6656790375709534, 0.6756378412246704, 0.677448570728302, 0.6814814805984497, 0.6858847737312317, 0.6896708011627197, 0.6899588704109192, 0.6975719928741455, 0.6964197754859924, 0.697860062122345]
Loss: [0.6655925512313843, 0.63949054479599, 0.6264050006866455, 0.6121975183486938, 0.6030139327049255, 0.5961927175521851, 0.589690089225769, 0.5866082906723022, 0.5831853747367859, 0.5806093811988831, 0.5731391310691833, 0.5712927579879761, 0.5721918940544128]
Val_accuracy: [0.6451851725578308, 0.6496296525001526, 0.6596296429634094, 0.6751852035522461, 0.6907407641410828, 0.6996296048164368, 0.6948148012161255, 0.6933333277702332, 0.6959259510040283, 0.6985185146331787, 0.6899999976158142, 0.6848148107528687, 0.6885185241699219]
val_loss: [0.6345130801200867, 0.6167706847190857, 0.6054766774177551, 0.5960660576820374, 0.5902723073959351, 0.5831254720687866, 0.5769502520561218, 0.5838590264320374, 0.5752451419830322, 0.5770125389099121, 0.5713643431663513, 0.5743359923362732, 0.5742525458335876]

Epochs: 13
bsize: 11
lstm1: 20
n_value: 3
rdrop: 0.1
dp1: 0.2
dp2: 0.3
dp3: 0.3
dense1: 16
##################################################################################
Accuracy: [0.6036214232444763, 0.6404114961624146, 0.6523045301437378, 0.6609876751899719, 0.6676543354988098, 0.6717695593833923]
Loss: [0.6618922352790833, 0.6389839053153992, 0.6257648468017578, 0.6208391785621643, 0.6115413308143616, 0.6045162081718445]
Val_accuracy: [0.653333306312561, 0.6711111068725586, 0.6803703904151917, 0.6729629635810852, 0.6874074339866638, 0.6888889074325562]
val_loss: [0.6275134086608887, 0.6121862530708313, 0.6005563735961914, 0.6030884385108948, 0.5914834141731262, 0.5908471941947937]

Epochs: 6
bsize: 13
lstm1: 13
n_value: 2
rdrop: 0.2
dp1: 0.3
dp2: 0.1
dp3: 0.2
dense1: 16
#########################################