#########################################
Accuracy: [0.6257613301277161, 0.7079835534095764, 0.7480658292770386, 0.7761316895484924, 0.7952674627304077, 0.8123456835746765, 0.8271193504333496, 0.8363785743713379, 0.8473662734031677, 0.8579835295677185, 0.8666666746139526, 0.8721399307250977, 0.8793827295303345, 0.8837860226631165]
Loss: [0.6424930691719055, 0.5649840235710144, 0.5059524178504944, 0.45948082208633423, 0.42337432503700256, 0.3905653953552246, 0.3670790195465088, 0.34400418400764465, 0.3247845470905304, 0.30190804600715637, 0.28566622734069824, 0.2714994549751282, 0.25711002945899963, 0.2479439377784729]
Val_accuracy: [0.6848148107528687, 0.7062963247299194, 0.720370352268219, 0.7111111283302307, 0.7277777791023254, 0.7266666889190674, 0.7348148226737976, 0.7351852059364319, 0.7318518757820129, 0.7259259223937988, 0.7337037324905396, 0.729629635810852, 0.7237036824226379, 0.7355555295944214]
val_loss: [0.5984949469566345, 0.568294882774353, 0.5491315126419067, 0.5510255098342896, 0.5498073697090149, 0.5562346577644348, 0.5544119477272034, 0.5733043551445007, 0.5694071054458618, 0.5824747085571289, 0.5855806469917297, 0.6116397380828857, 0.6331548690795898, 0.5799236297607422]

Epochs: 14
bsize: 7
lstm1: 19
n_value: 3
rdrop: 0.1
dp1: 0.1
dp2: 0.3
dense1: 96
dense2: 24.0
##################################################################################
Accuracy: [0.6168313026428223, 0.6927571892738342, 0.7362962961196899, 0.7704115509986877, 0.7925102710723877, 0.8105349540710449, 0.825267493724823, 0.833456814289093, 0.8479424118995667, 0.856584370136261, 0.8639506101608276]
Loss: [0.6482361555099487, 0.5829834938049316, 0.5276393890380859, 0.47601059079170227, 0.4396158754825592, 0.40958863496780396, 0.3808753192424774, 0.36346083879470825, 0.34054461121559143, 0.3257489502429962, 0.3078532814979553]
Val_accuracy: [0.682962954044342, 0.6996296048164368, 0.7151851654052734, 0.7311111092567444, 0.7318518757820129, 0.7392592430114746, 0.7162963151931763, 0.7418518662452698, 0.7274073958396912, 0.7459259033203125, 0.7311111092567444]
val_loss: [0.6005860567092896, 0.5736671090126038, 0.5512310862541199, 0.5299996733665466, 0.5386450886726379, 0.5314480066299438, 0.5425761342048645, 0.5304511785507202, 0.5406592488288879, 0.5529719591140747, 0.5656093955039978]

Epochs: 11
bsize: 15
lstm1: 16
n_value: 3
rdrop: 0.3
dp1: 0.2
dp2: 0.3
dense1: 80
dense2: 20.0
##################################################################################
Accuracy: [0.6136214137077332, 0.6968724131584167, 0.7372428178787231, 0.765390932559967, 0.7865020632743835, 0.8057201504707336]
Loss: [0.6502843499183655, 0.5791000723838806, 0.52801913022995, 0.4832994043827057, 0.44566410779953003, 0.4175422489643097]
Val_accuracy: [0.6737037301063538, 0.7118518352508545, 0.7229629755020142, 0.7318518757820129, 0.7251851558685303, 0.720370352268219]
val_loss: [0.602351188659668, 0.5626753568649292, 0.5461769104003906, 0.5349392294883728, 0.5280961394309998, 0.5391168594360352]

Epochs: 6
bsize: 14
lstm1: 13
n_value: 3
rdrop: 0.1
dp1: 0.2
dp2: 0.3
dense1: 96
dense2: 24.0
##################################################################################
Accuracy: [0.6329629421234131, 0.7099999785423279, 0.7539917826652527, 0.7827983498573303, 0.8058847784996033, 0.8217284083366394, 0.8306173086166382, 0.8451440334320068, 0.8490123748779297, 0.8600411415100098, 0.8658024668693542]
Loss: [0.6394889950752258, 0.5623063445091248, 0.5019331574440002, 0.45360565185546875, 0.4143293797969818, 0.38503754138946533, 0.36664560437202454, 0.33869919180870056, 0.3233950734138489, 0.3044411838054657, 0.29511287808418274]
Val_accuracy: [0.6833333373069763, 0.7107407450675964, 0.720370352268219, 0.7251851558685303, 0.7262963056564331, 0.7277777791023254, 0.7259259223937988, 0.7348148226737976, 0.7133333086967468, 0.728518545627594, 0.728518545627594]
val_loss: [0.5960323810577393, 0.5491482019424438, 0.5394957661628723, 0.526512622833252, 0.5238476395606995, 0.5429105162620544, 0.5379173159599304, 0.533867359161377, 0.5623278021812439, 0.5642472505569458, 0.5542005896568298]

Epochs: 11
bsize: 15
lstm1: 13
n_value: 1
rdrop: 0.1
dp1: 0.1
dp2: 0.3
dense1: 32
dense2: 8.0
##################################################################################
Accuracy: [0.6227160692214966, 0.6871604919433594, 0.7217283844947815, 0.7532922029495239, 0.7699588537216187, 0.7863374352455139, 0.7993004322052002, 0.8088889122009277, 0.8169136047363281, 0.8296296000480652, 0.8327571749687195]
Loss: [0.6461262106895447, 0.5885633230209351, 0.5464501976966858, 0.5062501430511475, 0.4818398356437683, 0.45653823018074036, 0.43485501408576965, 0.4164790213108063, 0.4015029966831207, 0.38217461109161377, 0.37155699729919434]
Val_accuracy: [0.6755555272102356, 0.7081481218338013, 0.7188888788223267, 0.7185184955596924, 0.7266666889190674, 0.7392592430114746, 0.7351852059364319, 0.7362962961196899, 0.7248148322105408, 0.7281481623649597, 0.737407386302948]
val_loss: [0.6018804311752319, 0.566598117351532, 0.5422556400299072, 0.5352757573127747, 0.529032289981842, 0.5184146165847778, 0.517420768737793, 0.5138724446296692, 0.5204828381538391, 0.5263238549232483, 0.5100449323654175]

Epochs: 11
bsize: 8
lstm1: 17
n_value: 2
rdrop: 0.2
dp1: 0.3
dp2: 0.3
dense1: 48
dense2: 12.0
##################################################################################
Accuracy: [0.6332510113716125, 0.7062963247299194, 0.7393415570259094, 0.765390932559967, 0.7832921743392944, 0.800000011920929, 0.811028778553009, 0.826913595199585, 0.8348559737205505]
Loss: [0.6346690058708191, 0.568600058555603, 0.5211096405982971, 0.4869110882282257, 0.4584335684776306, 0.4333111643791199, 0.41139423847198486, 0.3851240277290344, 0.37171098589897156]
Val_accuracy: [0.6911110877990723, 0.7092592716217041, 0.7244444489479065, 0.7307407259941101, 0.7222222089767456, 0.7314814925193787, 0.737407386302948, 0.7248148322105408, 0.7233333587646484]
val_loss: [0.5894355177879333, 0.556063711643219, 0.5351477265357971, 0.5279233455657959, 0.5307508707046509, 0.5230067372322083, 0.5165311098098755, 0.5309919118881226, 0.5376806855201721]

Epochs: 9
bsize: 5
lstm1: 13
n_value: 1
rdrop: 0.1
dp1: 0.2
dp2: 0.2
dense1: 80
dense2: 20.0
##################################################################################
Accuracy: [0.6336625218391418, 0.7062963247299194, 0.7497942447662354, 0.7774074077606201, 0.8002057671546936]
Loss: [0.6395352482795715, 0.5677973031997681, 0.5120149254798889, 0.4675094783306122, 0.42779046297073364]
Val_accuracy: [0.6903703808784485, 0.7166666388511658, 0.7270370125770569, 0.734074056148529, 0.7362962961196899]
val_loss: [0.5985540151596069, 0.5553565621376038, 0.5364909172058105, 0.5286749601364136, 0.5202815532684326]

Epochs: 5
bsize: 11
lstm1: 15
n_value: 2
rdrop: 0.3
dp1: 0.2
dp2: 0.3
dense1: 80
dense2: 20.0
##################################################################################
Accuracy: [0.6383950710296631, 0.7307819128036499, 0.7826749086380005, 0.8158847689628601, 0.8385596871376038, 0.8619753122329712, 0.8741563558578491, 0.8830864429473877, 0.8927571773529053, 0.9036625623703003, 0.9086419939994812, 0.9171193242073059]
Loss: [0.6300634741783142, 0.5385497808456421, 0.46496468782424927, 0.40635648369789124, 0.363650381565094, 0.3265015482902527, 0.29615435004234314, 0.276009738445282, 0.2561438977718353, 0.23313476145267487, 0.22029298543930054, 0.20275519788265228]
Val_accuracy: [0.6877777576446533, 0.7155555486679077, 0.7381481528282166, 0.7411110997200012, 0.742222249507904, 0.7307407259941101, 0.7333333492279053, 0.7348148226737976, 0.7266666889190674, 0.7174074053764343, 0.7400000095367432, 0.7307407259941101]
val_loss: [0.5811152458190918, 0.5529027581214905, 0.529109537601471, 0.5277402997016907, 0.5472069978713989, 0.5676839351654053, 0.5906223654747009, 0.5896469354629517, 0.5992894768714905, 0.6477971076965332, 0.6483430862426758, 0.6764240860939026]

Epochs: 12
bsize: 10
lstm1: 12
n_value: 2
rdrop: 0.3
dp1: 0.1
dp2: 0.2
dense1: 64
dense2: 16.0
##################################################################################
Accuracy: [0.6313169002532959, 0.7118930220603943, 0.7574485540390015, 0.787407398223877, 0.8089300394058228, 0.8247736692428589, 0.8420987725257874, 0.8498353958129883, 0.866460919380188, 0.8718518614768982, 0.8791769742965698, 0.8872016668319702]
Loss: [0.6407243609428406, 0.5615725517272949, 0.49784156680107117, 0.44585785269737244, 0.4108099341392517, 0.3793516457080841, 0.346988320350647, 0.3296842575073242, 0.3003785014152527, 0.2869020402431488, 0.27075740694999695, 0.254948228597641]
Val_accuracy: [0.6703703999519348, 0.6985185146331787, 0.7055555582046509, 0.7170370221138, 0.7311111092567444, 0.7251851558685303, 0.7255555391311646, 0.7211111187934875, 0.7303703427314758, 0.7248148322105408, 0.732962965965271, 0.7262963056564331]
val_loss: [0.6017853617668152, 0.5614933371543884, 0.549069344997406, 0.5503487586975098, 0.5412222743034363, 0.5599362850189209, 0.5584406852722168, 0.5868443250656128, 0.6234744191169739, 0.5887200832366943, 0.606030285358429, 0.6456121206283569]

Epochs: 12
bsize: 8
lstm1: 12
n_value: 3
rdrop: 0.1
dp1: 0.1
dp2: 0.3
dense1: 112
dense2: 28.0
##################################################################################
Accuracy: [0.6498765349388123, 0.738436222076416, 0.79399174451828, 0.8267489671707153, 0.849465012550354, 0.8701646327972412, 0.8840740919113159, 0.8963374495506287, 0.9088477492332458, 0.9141975045204163, 0.9245678782463074]
Loss: [0.6250733733177185, 0.5279809236526489, 0.4460960030555725, 0.3825116455554962, 0.3337692618370056, 0.2975270450115204, 0.26718467473983765, 0.23968248069286346, 0.2147490531206131, 0.1999775618314743, 0.17961587011814117]
Val_accuracy: [0.7018518447875977, 0.7192592620849609, 0.7244444489479065, 0.7240740656852722, 0.7370370626449585, 0.7255555391311646, 0.7307407259941101, 0.7240740656852722, 0.7300000190734863, 0.7377777695655823, 0.7277777791023254]
val_loss: [0.5681723952293396, 0.5396366715431213, 0.5247452259063721, 0.5236825346946716, 0.5599486827850342, 0.5916219353675842, 0.5868875980377197, 0.6212573647499084, 0.6458089351654053, 0.6829110980033875, 0.6808546781539917]

Epochs: 11
bsize: 8
lstm1: 19
n_value: 3
rdrop: 0.1
dp1: 0.1
dp2: 0.1
dense1: 64
dense2: 16.0
##################################################################################
Accuracy: [0.6300411820411682, 0.7058024406433105, 0.7461728453636169, 0.7716049551963806, 0.7917695641517639, 0.8083950877189636]
Loss: [0.6395483016967773, 0.5707216262817383, 0.51503986120224, 0.4774341583251953, 0.44210198521614075, 0.4163075387477875]
Val_accuracy: [0.6825925707817078, 0.7207407355308533, 0.7200000286102295, 0.7300000190734863, 0.7355555295944214, 0.7337037324905396]
val_loss: [0.5993545651435852, 0.5543115735054016, 0.5482233166694641, 0.5284265875816345, 0.5297202467918396, 0.5330723524093628]

Epochs: 6
bsize: 11
lstm1: 11
n_value: 2
rdrop: 0.3
dp1: 0.3
dp2: 0.1
dense1: 64
dense2: 16.0
##################################################################################
Accuracy: [0.6422633528709412, 0.723086416721344, 0.7607818841934204, 0.7881069779396057, 0.8087654113769531, 0.8265020847320557, 0.8374074101448059]
Loss: [0.6280360221862793, 0.5455719232559204, 0.4894304871559143, 0.44513359665870667, 0.41093960404396057, 0.3834536075592041, 0.35969120264053345]
Val_accuracy: [0.6925926208496094, 0.7107407450675964, 0.7118518352508545, 0.720370352268219, 0.7248148322105408, 0.7277777791023254, 0.7185184955596924]
val_loss: [0.5822837948799133, 0.553773820400238, 0.5335742831230164, 0.5377815961837769, 0.5354785323143005, 0.5282489061355591, 0.5494847297668457]

Epochs: 7
bsize: 14
lstm1: 19
n_value: 1
rdrop: 0.3
dp1: 0.2
dp2: 0.1
dense1: 64
dense2: 16.0
##################################################################################
Accuracy: [0.6258436441421509, 0.6939917802810669, 0.7217283844947815, 0.7467489838600159, 0.7651851773262024, 0.7762963175773621, 0.7889300584793091, 0.8003703951835632, 0.8068313002586365, 0.8196707963943481]
Loss: [0.6448999047279358, 0.5823373794555664, 0.5418147444725037, 0.5098243951797485, 0.48451825976371765, 0.46383607387542725, 0.4436662793159485, 0.42735177278518677, 0.4131168723106384, 0.3931727111339569]
Val_accuracy: [0.6866666674613953, 0.7044444680213928, 0.7177777886390686, 0.7281481623649597, 0.7222222089767456, 0.7277777791023254, 0.7337037324905396, 0.7366666793823242, 0.7381481528282166, 0.734074056148529]
val_loss: [0.6020927429199219, 0.5661022663116455, 0.5456635355949402, 0.5360156297683716, 0.531847357749939, 0.5268776416778564, 0.523912787437439, 0.5370832085609436, 0.5212386250495911, 0.5173241496086121]

Epochs: 10
bsize: 5
lstm1: 10
n_value: 1
rdrop: 0.2
dp1: 0.3
dp2: 0.2
dense1: 64
dense2: 16.0
##################################################################################
Accuracy: [0.6258436441421509, 0.7146090269088745, 0.7490534782409668, 0.7748148441314697, 0.7932098507881165, 0.8068724274635315, 0.8211933970451355, 0.8308230638504028, 0.8379835486412048, 0.8495884537696838, 0.855555534362793, 0.8651852011680603, 0.8712757229804993, 0.8805761337280273]
Loss: [0.6383348107337952, 0.5552714467048645, 0.5072269439697266, 0.4682130217552185, 0.4389723539352417, 0.41396215558052063, 0.38789770007133484, 0.36881402134895325, 0.3518849313259125, 0.33343228697776794, 0.32003214955329895, 0.3014882802963257, 0.2862876057624817, 0.27413928508758545]
Val_accuracy: [0.6866666674613953, 0.7044444680213928, 0.7177777886390686, 0.7162963151931763, 0.7229629755020142, 0.7214815020561218, 0.7292592525482178, 0.7274073958396912, 0.7333333492279053, 0.7325925827026367, 0.7325925827026367, 0.7366666793823242, 0.7366666793823242, 0.7337037324905396]
val_loss: [0.5936967134475708, 0.559056282043457, 0.5400574207305908, 0.5456383228302002, 0.5401374101638794, 0.5289567112922668, 0.5350021123886108, 0.5403132438659668, 0.5435013771057129, 0.5482412576675415, 0.5512498021125793, 0.5461228489875793, 0.5934695601463318, 0.5909690260887146]

Epochs: 14
bsize: 7
lstm1: 17
n_value: 1
rdrop: 0.2
dp1: 0.2
dp2: 0.2
dense1: 16
dense2: 4.0
##################################################################################
Accuracy: [0.6267489790916443, 0.7002469301223755, 0.7441152334213257, 0.7750205993652344, 0.79666668176651, 0.8148971199989319, 0.8280658721923828, 0.8378189206123352, 0.8506584167480469, 0.851152241230011, 0.8651440143585205, 0.8696708083152771, 0.8744032979011536, 0.8781481385231018]
Loss: [0.6419950723648071, 0.5735775828361511, 0.5198534727096558, 0.4723418951034546, 0.43913838267326355, 0.40698036551475525, 0.38147228956222534, 0.3648415505886078, 0.3444465398788452, 0.3361862301826477, 0.3146069347858429, 0.3047146797180176, 0.2919718325138092, 0.2795945703983307]
Val_accuracy: [0.6722221970558167, 0.7162963151931763, 0.7233333587646484, 0.7192592620849609, 0.7148148417472839, 0.729629635810852, 0.7218518257141113, 0.7225925922393799, 0.7166666388511658, 0.7162963151931763, 0.7225925922393799, 0.7322221994400024, 0.7233333587646484, 0.7222222089767456]
val_loss: [0.5984408259391785, 0.5649667382240295, 0.5440212488174438, 0.5486307144165039, 0.5497158765792847, 0.5419355034828186, 0.5574616193771362, 0.5458505153656006, 0.5583065748214722, 0.5771804451942444, 0.565937876701355, 0.5854167342185974, 0.5734379887580872, 0.6192137598991394]

Epochs: 14
bsize: 14
lstm1: 20
n_value: 1
rdrop: 0.3
dp1: 0.2
dp2: 0.2
dense1: 64
dense2: 16.0
##################################################################################
Accuracy: [0.6336213946342468, 0.7055966854095459, 0.7405349612236023, 0.760493814945221, 0.7819341421127319, 0.7931687235832214, 0.8055967092514038, 0.8152675032615662, 0.8265432119369507, 0.8330041170120239, 0.8464197516441345, 0.851111114025116]
Loss: [0.6378440260887146, 0.5703766942024231, 0.5222348570823669, 0.4920678734779358, 0.46097424626350403, 0.4401363134384155, 0.41907528042793274, 0.39729198813438416, 0.37732455134391785, 0.3658323287963867, 0.3424380421638489, 0.32829970121383667]
Val_accuracy: [0.6918518543243408, 0.715925931930542, 0.7318518757820129, 0.7155555486679077, 0.7307407259941101, 0.7300000190734863, 0.7351852059364319, 0.7351852059364319, 0.728518545627594, 0.7314814925193787, 0.728518545627594, 0.7370370626449585]
val_loss: [0.5976125001907349, 0.561963677406311, 0.537135899066925, 0.5431192517280579, 0.5275588631629944, 0.5264537930488586, 0.5194619297981262, 0.5288969278335571, 0.5234707593917847, 0.5306915044784546, 0.5498461723327637, 0.5568386912345886]

Epochs: 12
bsize: 5
lstm1: 10
n_value: 1
rdrop: 0.3
dp1: 0.2
dp2: 0.3
dense1: 16
dense2: 4.0
##################################################################################
Accuracy: [0.6323456764221191, 0.7106996178627014, 0.7548559904098511, 0.7839094400405884, 0.8046501874923706, 0.8223868608474731, 0.8301646113395691, 0.8442386984825134, 0.8542386889457703, 0.8590534925460815, 0.8635802268981934]
Loss: [0.6380724310874939, 0.5639225840568542, 0.5024855136871338, 0.45336809754371643, 0.4194944500923157, 0.3876945376396179, 0.365060955286026, 0.3412083685398102, 0.32445281744003296, 0.3101334869861603, 0.29851019382476807]
Val_accuracy: [0.6833333373069763, 0.712592601776123, 0.7185184955596924, 0.7192592620849609, 0.7137036919593811, 0.7218518257141113, 0.7037037014961243, 0.7170370221138, 0.7174074053764343, 0.7129629850387573, 0.7151851654052734]
val_loss: [0.5960704684257507, 0.5606912970542908, 0.5471169948577881, 0.5414368510246277, 0.5437939167022705, 0.5488023161888123, 0.5685251355171204, 0.5601480007171631, 0.5665620565414429, 0.578376054763794, 0.5897115468978882]

Epochs: 11
bsize: 14
lstm1: 20
n_value: 1
rdrop: 0.2
dp1: 0.1
dp2: 0.3
dense1: 48
dense2: 12.0
##################################################################################
Accuracy: [0.6202057600021362, 0.701687216758728, 0.743950605392456, 0.7722633481025696, 0.7974485754966736, 0.8124691247940063, 0.8254732489585876, 0.836214005947113, 0.847777783870697, 0.8572016358375549, 0.8644856214523315, 0.8723456859588623]
Loss: [0.6425166130065918, 0.5716023445129395, 0.5141885876655579, 0.4703028202056885, 0.4325222671031952, 0.40335848927497864, 0.38229987025260925, 0.3568686842918396, 0.3372982144355774, 0.3218098282814026, 0.3063342869281769, 0.29045626521110535]
Val_accuracy: [0.6803703904151917, 0.698888897895813, 0.7240740656852722, 0.7314814925193787, 0.728518545627594, 0.7414814829826355, 0.737407386302948, 0.7400000095367432, 0.7496296167373657, 0.7403703927993774, 0.7440740466117859, 0.7551851868629456]
val_loss: [0.5981931090354919, 0.564426064491272, 0.5386591553688049, 0.5381155014038086, 0.5267913341522217, 0.5323663949966431, 0.5364901423454285, 0.5308115482330322, 0.5267619490623474, 0.5322455763816833, 0.5622508525848389, 0.5271310806274414]

Epochs: 12
bsize: 13
lstm1: 13
n_value: 3
rdrop: 0.1
dp1: 0.3
dp2: 0.1
dense1: 80
dense2: 20.0
##################################################################################
Accuracy: [0.620905339717865, 0.6844033002853394, 0.717572033405304, 0.7410287857055664, 0.7526748776435852, 0.7707818746566772, 0.7832098603248596, 0.7952674627304077, 0.8061316609382629, 0.8154732584953308]
Loss: [0.6478134393692017, 0.5920929908752441, 0.5534749627113342, 0.5199326276779175, 0.49754956364631653, 0.46892911195755005, 0.4514387547969818, 0.4331604540348053, 0.41459137201309204, 0.3989931046962738]
Val_accuracy: [0.6700000166893005, 0.7044444680213928, 0.7122222185134888, 0.7233333587646484, 0.7314814925193787, 0.7300000190734863, 0.7300000190734863, 0.7385185360908508, 0.7470370531082153, 0.7418518662452698]
val_loss: [0.6094372868537903, 0.5790200233459473, 0.5557754635810852, 0.5403836369514465, 0.5302449464797974, 0.5282570123672485, 0.5217217803001404, 0.5140629410743713, 0.5084261894226074, 0.5151879191398621]

Epochs: 10
bsize: 5
lstm1: 10
n_value: 3
rdrop: 0.3
dp1: 0.3
dp2: 0.3
dense1: 32
dense2: 8.0
##################################################################################
Accuracy: [0.6467901468276978, 0.7396296262741089, 0.7917695641517639, 0.8272839784622192, 0.854897141456604, 0.8738682866096497, 0.8887654542922974, 0.899917721748352, 0.9111522436141968, 0.9174485802650452, 0.9238682985305786]
Loss: [0.6276971697807312, 0.5238112807273865, 0.4445970356464386, 0.37928879261016846, 0.3282358944416046, 0.2898860275745392, 0.2576221227645874, 0.2315322458744049, 0.21011337637901306, 0.1950588971376419, 0.17755292356014252]
Val_accuracy: [0.6996296048164368, 0.7092592716217041, 0.7359259128570557, 0.7337037324905396, 0.737407386302948, 0.7388888597488403, 0.7333333492279053, 0.7403703927993774, 0.7337037324905396, 0.7229629755020142, 0.7318518757820129]
val_loss: [0.5782796740531921, 0.5458633303642273, 0.534986138343811, 0.5300529599189758, 0.5618253350257874, 0.5722696781158447, 0.6184173226356506, 0.6589474081993103, 0.6644634008407593, 0.7200580835342407, 0.6766910552978516]

Epochs: 11
bsize: 12
lstm1: 13
n_value: 2
rdrop: 0.1
dp1: 0.1
dp2: 0.1
dense1: 16
dense2: 4.0
##################################################################################
Accuracy: [0.626995861530304, 0.7148148417472839, 0.7619341611862183, 0.792304515838623, 0.8091769814491272, 0.8312345743179321, 0.8408230543136597, 0.8558436036109924, 0.8656790256500244, 0.8762962818145752, 0.8855555653572083, 0.8894650340080261, 0.896172821521759, 0.9010288119316101]
Loss: [0.6409503221511841, 0.5622054934501648, 0.4952349364757538, 0.4417872428894043, 0.40482133626937866, 0.3697488307952881, 0.3460584282875061, 0.3185593783855438, 0.2997186779975891, 0.2805831730365753, 0.26181894540786743, 0.2469537854194641, 0.23415720462799072, 0.2220931202173233]
Val_accuracy: [0.6866666674613953, 0.7188888788223267, 0.7322221994400024, 0.7255555391311646, 0.7248148322105408, 0.7292592525482178, 0.7311111092567444, 0.7248148322105408, 0.7333333492279053, 0.7277777791023254, 0.7314814925193787, 0.7307407259941101, 0.7240740656852722, 0.7307407259941101]
val_loss: [0.5887690186500549, 0.5586928725242615, 0.5418522357940674, 0.5374690294265747, 0.5414177775382996, 0.5479124784469604, 0.5491504669189453, 0.5674392580986023, 0.5636845827102661, 0.60411137342453, 0.598777174949646, 0.5950317978858948, 0.6383750438690186, 0.6453832387924194]

Epochs: 14
bsize: 8
lstm1: 20
n_value: 3
rdrop: 0.1
dp1: 0.1
dp2: 0.3
dense1: 96
dense2: 24.0
##################################################################################
Accuracy: [0.6369135975837708, 0.7165843844413757, 0.7634979486465454, 0.79123455286026, 0.8159670829772949, 0.8302880525588989, 0.8478600978851318, 0.8569547533988953]
Loss: [0.6332480311393738, 0.5564101934432983, 0.4912704825401306, 0.44621285796165466, 0.4049602448940277, 0.37503308057785034, 0.3480969965457916, 0.32313278317451477]
Val_accuracy: [0.6940740942955017, 0.7103703618049622, 0.7270370125770569, 0.7214815020561218, 0.7237036824226379, 0.728518545627594, 0.729629635810852, 0.7292592525482178]
val_loss: [0.5833945274353027, 0.5575727224349976, 0.5379777550697327, 0.5331088900566101, 0.5441339612007141, 0.5285881161689758, 0.5391223430633545, 0.5651582479476929]

Epochs: 8
bsize: 9
lstm1: 16
n_value: 2
rdrop: 0.1
dp1: 0.1
dp2: 0.3
dense1: 64
dense2: 16.0
##################################################################################
Accuracy: [0.6433333158493042, 0.7423456907272339, 0.7908230423927307, 0.8216872215270996, 0.8462963104248047, 0.8636625409126282, 0.8767077922821045, 0.8919341564178467, 0.903292179107666, 0.9086831212043762]
Loss: [0.6245989799499512, 0.5207438468933105, 0.44431641697883606, 0.3918443024158478, 0.3459509611129761, 0.30889832973480225, 0.28166714310646057, 0.248882457613945, 0.2275831252336502, 0.2095733880996704]
Val_accuracy: [0.7014814615249634, 0.7255555391311646, 0.7355555295944214, 0.737407386302948, 0.7348148226737976, 0.7418518662452698, 0.7400000095367432, 0.7414814829826355, 0.7440740466117859, 0.745555579662323]
val_loss: [0.5708718299865723, 0.5329827666282654, 0.5260266065597534, 0.5330356359481812, 0.5639625191688538, 0.5595552921295166, 0.5665684938430786, 0.5876226425170898, 0.604306161403656, 0.6914767622947693]

Epochs: 10
bsize: 5
lstm1: 20
n_value: 3
rdrop: 0.1
dp1: 0.1
dp2: 0.1
dense1: 80
dense2: 20.0
##################################################################################
Accuracy: [0.6279835104942322, 0.7048971056938171, 0.7474074363708496, 0.7800822854042053, 0.7964609265327454, 0.8129218220710754, 0.8223456740379333, 0.8385596871376038, 0.8471193313598633]
Loss: [0.6426696181297302, 0.5689021348953247, 0.5106453895568848, 0.46872231364250183, 0.43658125400543213, 0.4093305468559265, 0.38563650846481323, 0.3617665469646454, 0.34336814284324646]
Val_accuracy: [0.6844444274902344, 0.7099999785423279, 0.7270370125770569, 0.7307407259941101, 0.7270370125770569, 0.732962965965271, 0.7307407259941101, 0.7337037324905396, 0.7411110997200012]
val_loss: [0.5963940620422363, 0.559005081653595, 0.5348295569419861, 0.52940833568573, 0.5240737795829773, 0.5164492726325989, 0.5311027765274048, 0.5298522710800171, 0.5410175919532776]

Epochs: 9
bsize: 9
lstm1: 17
n_value: 3
rdrop: 0.2
dp1: 0.3
dp2: 0.1
dense1: 48
dense2: 12.0
##################################################################################
Accuracy: [0.6338683366775513, 0.7182716131210327, 0.7617695331573486, 0.7934567928314209, 0.8144032955169678, 0.8360905647277832, 0.8493003845214844, 0.8611934185028076]
Loss: [0.6375094652175903, 0.5530881881713867, 0.4886511266231537, 0.437791645526886, 0.39639243483543396, 0.3617395758628845, 0.33543702960014343, 0.30812349915504456]
Val_accuracy: [0.6759259104728699, 0.7181481719017029, 0.7092592716217041, 0.7300000190734863, 0.7433333396911621, 0.7462962865829468, 0.7407407164573669, 0.7407407164573669]
val_loss: [0.587708592414856, 0.553264319896698, 0.5689883232116699, 0.5282779932022095, 0.5172260999679565, 0.518062949180603, 0.540316104888916, 0.5393171310424805]

Epochs: 8
bsize: 10
lstm1: 11
n_value: 3
rdrop: 0.2
dp1: 0.2
dp2: 0.1
dense1: 32
dense2: 8.0
##################################################################################
Accuracy: [0.6464608907699585, 0.7362551689147949, 0.7898353934288025, 0.8228394985198975, 0.8485596776008606, 0.8665432333946228, 0.8786419630050659, 0.8886831402778625, 0.8942387104034424, 0.9015637636184692, 0.9057613015174866, 0.9133333563804626]
Loss: [0.6254826784133911, 0.5246630907058716, 0.4437435567378998, 0.3859749436378479, 0.34015151858329773, 0.3061162233352661, 0.2816391885280609, 0.2562234401702881, 0.24765916168689728, 0.23017518222332, 0.217174232006073, 0.20328857004642487]
Val_accuracy: [0.6970370411872864, 0.7155555486679077, 0.7281481623649597, 0.7277777791023254, 0.7322221994400024, 0.7322221994400024, 0.7277777791023254, 0.7274073958396912, 0.7388888597488403, 0.7344444394111633, 0.7325925827026367, 0.7266666889190674]
val_loss: [0.5741357207298279, 0.5367183685302734, 0.5447984933853149, 0.537200391292572, 0.5681163668632507, 0.5751810073852539, 0.6070597171783447, 0.609600841999054, 0.6236116886138916, 0.6676196455955505, 0.6273395419120789, 0.6924997568130493]

Epochs: 12
bsize: 15
lstm1: 16
n_value: 1
rdrop: 0.3
dp1: 0.1
dp2: 0.1
dense1: 16
dense2: 4.0
##################################################################################
Accuracy: [0.6349382996559143, 0.7216460704803467, 0.776954710483551, 0.8120987415313721, 0.8369958996772766, 0.8569135665893555, 0.8723456859588623, 0.882469117641449, 0.8942798376083374, 0.8999999761581421, 0.9085596799850464, 0.9145678877830505, 0.9185185432434082, 0.9243209958076477, 0.9287654161453247]
Loss: [0.6350928544998169, 0.5439148545265198, 0.4646768867969513, 0.4050043821334839, 0.35754987597465515, 0.3179372251033783, 0.28890857100486755, 0.2643505334854126, 0.23791001737117767, 0.22581300139427185, 0.20907965302467346, 0.19643349945545197, 0.18870384991168976, 0.17461876571178436, 0.16671285033226013]
Val_accuracy: [0.6822222471237183, 0.7233333587646484, 0.7266666889190674, 0.7314814925193787, 0.7270370125770569, 0.7418518662452698, 0.7433333396911621, 0.7381481528282166, 0.7348148226737976, 0.7370370626449585, 0.746666669845581, 0.7437037229537964, 0.737407386302948, 0.7444444298744202, 0.7337037324905396]
val_loss: [0.5843897461891174, 0.5405113101005554, 0.5382575988769531, 0.5250104069709778, 0.541506290435791, 0.5574333667755127, 0.61358642578125, 0.5975041389465332, 0.6268069744110107, 0.6218266487121582, 0.6231989860534668, 0.6118318438529968, 0.6666473746299744, 0.6606712341308594, 0.6777088046073914]

Epochs: 15
bsize: 14
lstm1: 17
n_value: 3
rdrop: 0.1
dp1: 0.1
dp2: 0.2
dense1: 80
dense2: 20.0
##################################################################################
Accuracy: [0.6244444251060486, 0.7019752860069275, 0.747283935546875, 0.7771604657173157, 0.7951028943061829, 0.8160905241966248, 0.8289712071418762, 0.845061719417572, 0.8509464859962463, 0.8630452752113342, 0.8670781850814819]
Loss: [0.643856942653656, 0.5743221640586853, 0.512610137462616, 0.4640864133834839, 0.4273977279663086, 0.39721715450286865, 0.3711951971054077, 0.3443349599838257, 0.3276132643222809, 0.3098524808883667, 0.29756084084510803]
Val_accuracy: [0.6899999976158142, 0.7092592716217041, 0.720370352268219, 0.7222222089767456, 0.7255555391311646, 0.7351852059364319, 0.7318518757820129, 0.7318518757820129, 0.746666669845581, 0.7381481528282166, 0.7511110901832581]
val_loss: [0.6007243990898132, 0.5610595941543579, 0.5372418165206909, 0.5321425795555115, 0.5310507416725159, 0.538419783115387, 0.5353890657424927, 0.5368915796279907, 0.536221444606781, 0.5399137735366821, 0.570622444152832]

Epochs: 11
bsize: 13
lstm1: 14
n_value: 3
rdrop: 0.3
dp1: 0.3
dp2: 0.1
dense1: 96
dense2: 24.0
##################################################################################
Accuracy: [0.6045678853988647, 0.6842798590660095, 0.7107407450675964, 0.7296707630157471, 0.74724280834198, 0.7598353624343872, 0.775843620300293, 0.785102903842926, 0.792839527130127]
Loss: [0.653731644153595, 0.5987288951873779, 0.5614780187606812, 0.5357152819633484, 0.5110952258110046, 0.4941253960132599, 0.4743979573249817, 0.4553658962249756, 0.4424818456172943]
Val_accuracy: [0.678518533706665, 0.7044444680213928, 0.7077777981758118, 0.715925931930542, 0.7144444584846497, 0.7140740752220154, 0.7229629755020142, 0.7240740656852722, 0.7255555391311646]
val_loss: [0.602078914642334, 0.5814663767814636, 0.5547486543655396, 0.5402024984359741, 0.5387585163116455, 0.5277261734008789, 0.5240588188171387, 0.5202794671058655, 0.5174898505210876]

Epochs: 9
bsize: 6
lstm1: 13
n_value: 1
rdrop: 0.1
dp1: 0.3
dp2: 0.3
dense1: 112
dense2: 28.0
##################################################################################
Accuracy: [0.6296296119689941, 0.7080246806144714, 0.7517695426940918, 0.7821398973464966, 0.8032099008560181, 0.8211110830307007, 0.8297531008720398, 0.8407407402992249, 0.8530452847480774, 0.8655555844306946, 0.8682304620742798, 0.8695061802864075, 0.8767489790916443]
Loss: [0.638734757900238, 0.5598399043083191, 0.5038740038871765, 0.4565476179122925, 0.4217827320098877, 0.3890833258628845, 0.3695520758628845, 0.3490278720855713, 0.3261778652667999, 0.30996522307395935, 0.3011384904384613, 0.2890523672103882, 0.27775004506111145]
Val_accuracy: [0.6911110877990723, 0.7214815020561218, 0.7211111187934875, 0.728518545627594, 0.7196296453475952, 0.7288888692855835, 0.7274073958396912, 0.728518545627594, 0.7274073958396912, 0.7274073958396912, 0.734074056148529, 0.7281481623649597, 0.7314814925193787]
val_loss: [0.5899770855903625, 0.5530012845993042, 0.5510371923446655, 0.5378331542015076, 0.5324742794036865, 0.5428190231323242, 0.5380454659461975, 0.5666971206665039, 0.5622022747993469, 0.5803155899047852, 0.5881403088569641, 0.5559710264205933, 0.5803577303886414]

Epochs: 13
bsize: 12
lstm1: 18
n_value: 1
rdrop: 0.2
dp1: 0.2
dp2: 0.2
dense1: 64
dense2: 16.0
##################################################################################
Accuracy: [0.6244856119155884, 0.6953086256980896, 0.7351028919219971, 0.7611111402511597, 0.7819753289222717, 0.7981481552124023, 0.8095884919166565, 0.8184362053871155, 0.8292592763900757, 0.8391769528388977, 0.8446090817451477, 0.852798342704773]
Loss: [0.640554666519165, 0.5782748460769653, 0.5284400582313538, 0.4904986619949341, 0.45738768577575684, 0.4269680082798004, 0.4096233546733856, 0.3897034227848053, 0.3701759874820709, 0.3578712046146393, 0.34213438630104065, 0.3278637230396271]
Val_accuracy: [0.6707407236099243, 0.7051851749420166, 0.7144444584846497, 0.7266666889190674, 0.7303703427314758, 0.728518545627594, 0.7314814925193787, 0.742222249507904, 0.7311111092567444, 0.742222249507904, 0.7385185360908508, 0.7388888597488403]
val_loss: [0.5952513813972473, 0.560474693775177, 0.5462295413017273, 0.5377030372619629, 0.5240917801856995, 0.5304112434387207, 0.5201876759529114, 0.5251535773277283, 0.5179939866065979, 0.5171971917152405, 0.5223445892333984, 0.5446231961250305]

Epochs: 12
bsize: 12
lstm1: 13
n_value: 3
rdrop: 0.1
dp1: 0.3
dp2: 0.2
dense1: 128
dense2: 32.0
#########################################